 Index PgInSvc Pg_init Pgmax Pgmin EnergyRamp SpinRamp HasCostCurveData
  1  1  44.000000  105.000000  38.000000  1.200000  5.500000  1
  2  0  0.000000  5.000000  0.000000  99.000000  99.000000  1
  3  1  13.000000  14.000000  13.000000  1.000000  1.000000  1
  4  0  0.000000  12.000000  0.000000  1.000000  2.000000  0
  5  1  60.300000  165.000000  50.000000  6.000000  6.000000  1
  6  1  44.930000  45.000000  5.000000  15.000000  1.000000  1
  7  1  36.410000  45.000000  5.000000  20.000000  2.000000  0
  8  1  5.445000  5.445000  5.445000  0.000000  0.000000  0
  9  1  8.485000  8.485000  8.485000  0.000000  0.000000  0
