****************** Summary for reduced_scenario_3 ******************
Scenario: reduced_scenario_3
Objective value is: 63368.163866090006

################## The following info is mainly for violations ##############

**************** Generator ******************
Index PgInSvc Pg_init Pgmax Pgmin Pg hasCostCurvData srReq_slack pgmax_slack pgmin_slack energyRampUp_Slack energyRampDown_Slack spinRampSlack
1 1 0.44 1.05 0.38 105.0 1 0.0 0.55 0.0 0.43 0.0 0.0
Conventional Generator 1: Pg = 105.0 MW
2 0 0.0 0.05 0.0 0.0 1 0.0 0.0 0.0 0.0 0.0 0.0
Conventional Generator 2: Pg = 0.0 MW
3 1 0.13 0.14 0.13 14.000000000000002 1 0.0 0.2623 0.0 0.0 0.0 0.1623
Conventional Generator 3: Pg = 14.000000000000002 MW
4 0 0.0 0.12 0.0 0.0 0 0.0 0.0 0.0 0.0 0.0 0.0
Conventional Generator 4: Pg = 0.0 MW
5 1 0.603 1.65 0.5 53.288409 1 0.0 0.0 0.60903352 0.0 0.0 0.041917615
Conventional Generator 5: Pg = 53.288409 MW
6 1 0.4493 0.45 0.05 27.941591 1 0.0 0.0 0.0 0.0 0.0 0.070382385
Conventional Generator 6: Pg = 27.941591 MW
7 1 0.3641 0.45 0.05 36.41 0 0.0 0.1141 0.0 0.0 0.0 0.0
Conventional Generator 7: Pg = 36.41 MW
8 1 0.22625 0.22625 0.22625 4425.0 0 0 0 0 0 0 0
Solar Generator 8: Pg = 44.25 MW
9 1 0.15375 0.15375 0.15375 2975.0 0 0 0 0 0 0 0
Wind Generator 9: Pg = 29.75 MW
Total Renewable Generation: 74.0 MW
Total Regulation Reserve Shortage: 0.0 MW
Total Spinning Reserve Shortage: 0.0 MW
Total Primary Reserve Shortage: 0.0 MW

*************** Load Shedding ************
Total Shedded Load: 0.0 MW

**************** Interface ***********
In total, there are 0 interfaces that are violated

****************** Load ******************
index loadBusNumber loadID load_IsInSvc Pload Pd_served Pd_shedded
1 1 1 1 19.75211726384365 19.752117 0.0
2 3 1 1 13.537426710097723 13.537427 0.0
3 5 1 1 19.75211726384365 19.752117 0.0
4 6 1 1 13.537426710097723 13.537427 0.0
5 8 1 1 22.64267100977199 22.642671 0.0
6 8 2 1 23.630276872964178 23.630277 0.0
7 8 3 1 12.019885993485344 12.019886 0.0
8 8 4 1 17.740773615635185 17.740774000000002 0.0
9 9 1 1 58.24465798045604 58.244658 0.0
10 10 1 1 35.78264657980457 35.782647 0.0

**************** Generator Cost ******************
Index genIdx segmentIdx segmentBreadth segmentPrice Pgi
1 1 1 0.5 9.39 0.5
2 1 2 3.5000000000000004 9.52 3.5000000000000004
3 1 3 101.0 9.64 101.0
4 2 1 5.0 0.0 0.0
5 3 1 10.0 1.0 10.0
6 3 2 4.0 1.01 4.0
7 5 1 20.3 18.58 20.3
8 5 2 10.0 21.36 10.0
9 5 3 134.6 22.09 22.988409
10 6 1 10.93 22.09 10.93
11 6 2 30.0 22.19 17.011591

****************** Branch  Pkc******************
indexCtgcy ctgcyValid brcIdx brc_IsInSvcOrig pkc rateC
2 1 1 1 10.31869 99999.0
2 1 2 1 6.3391927 99999.0
2 1 3 1 6.088329600000001 99999.0
2 1 4 1 -0.38970321 99999.0
2 1 5 1 4.6200636 99999.0
2 1 6 1 -7.4490971 99999.0
2 1 7 1 20.708837 99999.0
2 1 8 1 -28.692427 99999.0
2 1 9 1 0.14478904 99999.0
2 1 10 1 11.915976 99999.0
2 1 11 1 -1.6214505000000001 99999.0
2 1 12 1 0.0 99999.0
2 1 13 1 0.0 99999.0
2 1 14 1 76.033607 289.0
2 1 15 1 55.273965999999994 99999.0
2 1 16 1 37.404097 980.0000000000001
2 1 17 1 0.0 980.0000000000001
2 1 18 1 1.6214505000000001 19.5
2 1 19 1 0.0 980.0000000000001
2 1 20 1 -10.903352 980.0000000000001

****************** Generator Pgc ******************
indexCtgcy ctgcyValid genIdx gen_IsInSvc pgc
2 1 1 1 160.0
2 1 2 0 0.0
2 1 3 1 40.23
2 1 4 0 0.0
2 1 5 1 -10.903352
2 1 6 1 10.903352
2 1 7 1 36.41
2 1 8 1 0.0
2 1 9 1 0.0

****************** Bus ******************
index busNumber busAngle
1 1 0.021904727
2 2 0.014823
3 3 0.0
4 4 0.010347193
5 5 0.011445401
6 6 0.051083458
7 7 0.019160841
8 8 -0.11477236
9 9 -0.0080685655
10 10 -0.022418902
11 11 0.013690258
12 12 0.078419021
13 13 0.099777969
14 14 0.081601431

****************** Branch ******************
index lineflow rateA slackVar
1 0.11968443 0.15 0.0
2 0.046894398 999.99 0.0
3 0.07487498 999.99 0.0
4 0.025384566 999.99 0.0
5 0.019424884 999.99 0.0
6 -0.060499287 999.99 0.0
7 -0.026079504 999.99 0.0
8 -0.042146366 999.99 0.0
9 0.033111149 999.99 0.0
10 -0.15728139 999.99 0.0
11 0.188 999.99 0.0
12 -0.10685885 999.99 0.0
13 -0.37379681 999.99 0.0
14 0.76033607 2.89 0.0
15 0.24751756 999.99 0.0
16 0.16982647 7.38 0.0
17 -0.33164434 7.38 0.0
18 -0.188 0.188 0.0
19 -0.10685885 7.38 0.0
20 0.052228429 7.38 0.0

*************** Contingency Results ************
Contingency 2: Total Shedded Load = 0.0 MW
End of scenario results.
