****************** Summary for reduced_scenario_22 ******************
Scenario: reduced_scenario_22
Objective value is: 36478.11802171

################## The following info is mainly for violations ##############

**************** Generator ******************
Index PgInSvc Pg_init Pgmax Pgmin Pg hasCostCurvData srReq_slack pgmax_slack pgmin_slack energyRampUp_Slack energyRampDown_Slack spinRampSlack
1 1 0.44 1.05 0.38 100.63 1 0.0 0.5063 0.0 0.3863 0.0 0.0
Conventional Generator 1: Pg = 100.63 MW
2 0 0.0 0.05 0.0 0.0 1 0.0 0.0 0.0 0.0 0.0 0.0
Conventional Generator 2: Pg = 0.0 MW
3 1 0.13 0.14 0.13 14.000000000000002 1 0.0 0.1063 0.0 0.0 0.0 0.0063
Conventional Generator 3: Pg = 14.000000000000002 MW
4 0 0.0 0.12 0.0 0.0 0 0.0 0.0 0.0 0.0 0.0 0.0
Conventional Generator 4: Pg = 0.0 MW
5 1 0.603 1.65 0.5 47.527739000000004 1 0.0 0.0 0.58102261 0.0 0.0 0.0
Conventional Generator 5: Pg = 47.527739000000004 MW
6 1 0.4493 0.45 0.05 18.102261 1 0.0 0.0 0.0 0.0 0.0 0.0
Conventional Generator 6: Pg = 18.102261 MW
7 1 0.3641 0.45 0.05 36.41 0 0.0 0.1141 0.0 0.0 0.0 0.0
Conventional Generator 7: Pg = 36.41 MW
8 1 0.02365 0.02365 0.02365 373.0 0 0 0 0 0 0 0
Solar Generator 8: Pg = 3.73 MW
9 1 0.15664999999999998 0.15664999999999998 0.15664999999999998 3033.0 0 0 0 0 0 0 0
Wind Generator 9: Pg = 30.33 MW
Total Renewable Generation: 34.06 MW
Total Regulation Reserve Shortage: 0.0 MW
Total Spinning Reserve Shortage: 0.0 MW
Total Primary Reserve Shortage: 0.0 MW

*************** Load Shedding ************
Total Shedded Load: 0.0 MW

**************** Interface ***********
In total, there are 0 interfaces that are violated

****************** Load ******************
index loadBusNumber loadID load_IsInSvc Pload Pd_served Pd_shedded
1 1 1 1 18.08524022801303 18.08524 0.0
2 3 1 1 12.39500610749186 12.395006 0.0
3 5 1 1 18.08524022801303 18.08524 0.0
4 6 1 1 12.39500610749186 12.395006 0.0
5 8 1 1 20.73186074918567 20.731861 0.0
6 8 2 1 21.636122760586325 21.636122999999998 0.0
7 8 3 1 11.005530333876223 11.00553 0.0
8 8 4 1 16.24363344869707 16.243633 0.0
9 9 1 1 53.32940350162867 53.329404000000004 0.0
10 10 1 1 32.76295653501629 32.762957 0.0

**************** Generator Cost ******************
Index genIdx segmentIdx segmentBreadth segmentPrice Pgi
1 1 1 0.5 9.39 0.5
2 1 2 3.5000000000000004 9.52 3.5000000000000004
3 1 3 101.0 9.64 96.63000000000001
4 2 1 5.0 0.0 0.0
5 3 1 10.0 1.0 10.0
6 3 2 4.0 1.01 4.0
7 5 1 20.3 18.58 20.3
8 5 2 10.0 21.36 10.0
9 5 3 134.6 22.09 17.227739
10 6 1 10.93 22.09 10.93
11 6 2 30.0 22.19 7.172261000000001

****************** Branch  Pkc******************
indexCtgcy ctgcyValid brcIdx brc_IsInSvcOrig pkc rateC
2 1 1 1 11.421976 99999.0
2 1 2 1 6.9027835 99999.0
2 1 3 1 5.974403 99999.0
2 1 4 1 0.48001817 99999.0
2 1 5 1 4.9675551 99999.0
2 1 6 1 -6.420603099999999 99999.0
2 1 7 1 18.502059000000003 99999.0
2 1 8 1 -26.341277 99999.0
2 1 9 1 1.8986337 99999.0
2 1 10 1 12.287157 99999.0
2 1 11 1 -0.10784916 99999.0
2 1 12 1 0.0 99999.0
2 1 13 1 0.0 99999.0
2 1 14 1 69.617147 289.0
2 1 15 1 59.671575 99999.0
2 1 16 1 32.870806 980.0000000000001
2 1 17 1 0.0 980.0000000000001
2 1 18 1 0.10784916 19.5
2 1 19 1 0.0 980.0000000000001
2 1 20 1 -8.102260999999999 980.0000000000001

****************** Generator Pgc ******************
indexCtgcy ctgcyValid genIdx gen_IsInSvc pgc
2 1 1 1 155.63
2 1 2 0 0.0
2 1 3 1 24.63
2 1 4 0 0.0
2 1 5 1 -8.102260999999999
2 1 6 1 8.102260999999999
2 1 7 1 36.41
2 1 8 1 0.0
2 1 9 1 0.0

****************** Bus ******************
index busNumber busAngle
1 1 0.021832384
2 2 0.014228033
3 3 0.0
4 4 0.0089073145
5 5 0.0096252747
6 6 0.039036152
7 7 0.017703275
8 8 -0.10492733
9 9 -0.011786747
10 10 -0.025519162
11 11 0.0061946244
12 12 0.062112657
13 13 0.080143742
14 14 0.055952528

****************** Branch ******************
index lineflow rateA slackVar
1 0.12851701 0.15 0.0
2 0.054730584 999.99 0.0
3 0.07186964 999.99 0.0
4 0.030176486 999.99 0.0
5 0.026470887 999.99 0.0
6 -0.052080421 999.99 0.0
7 -0.017049637 999.99 0.0
8 -0.042061787 999.99 0.0
9 0.037207489 999.99 0.0
10 -0.11670057 999.99 0.0
11 0.16511577 999.99 0.0
12 -0.090209552 999.99 0.0
13 -0.31555685 999.99 0.0
14 0.69617147 2.89 0.0
15 0.26806674 999.99 0.0
16 0.16251379 7.38 0.0
17 -0.2505336 7.38 0.0
18 -0.16511577 0.188 0.0
19 -0.090209552 7.38 0.0
20 0.069510989 7.38 0.0

*************** Contingency Results ************
Contingency 2: Total Shedded Load = 0.0 MW
End of scenario results.
