****************** Summary for reduced_scenario_23 ******************
Scenario: reduced_scenario_23
Objective value is: 51700.4502728

################## The following info is mainly for violations ##############

**************** Generator ******************
Index PgInSvc Pg_init Pgmax Pgmin Pg hasCostCurvData srReq_slack pgmax_slack pgmin_slack energyRampUp_Slack energyRampDown_Slack spinRampSlack
1 1 0.44 1.05 0.38 105.0 1 0.0 0.55 0.0 0.43 0.0 0.0
Conventional Generator 1: Pg = 105.0 MW
2 0 0.0 0.05 0.0 0.0 1 0.0 0.0 0.0 0.0 0.0 0.0
Conventional Generator 2: Pg = 0.0 MW
3 1 0.13 0.14 0.13 14.000000000000002 1 0.0 0.19455 0.0 0.0 0.0 0.09455
Conventional Generator 3: Pg = 14.000000000000002 MW
4 0 0.0 0.12 0.0 0.0 0 0.0 0.0 0.0 0.0 0.0 0.0
Conventional Generator 4: Pg = 0.0 MW
5 1 0.603 1.65 0.5 52.051772 1 0.0 0.0 0.59806456 0.0 0.0 0.018582282
Conventional Generator 5: Pg = 52.051772 MW
6 1 0.4493 0.45 0.05 22.403228 1 0.0 0.0 0.0 0.0 0.0 0.025967718
Conventional Generator 6: Pg = 22.403228 MW
7 1 0.3641 0.45 0.05 36.41 0 0.0 0.1141 0.0 0.0 0.0 0.0
Conventional Generator 7: Pg = 36.41 MW
8 1 0.03385 0.03385 0.03385 577.0 0 0 0 0 0 0 0
Solar Generator 8: Pg = 5.77 MW
9 1 0.2784 0.2784 0.2784 5468.0 0 0 0 0 0 0 0
Wind Generator 9: Pg = 54.68 MW
Total Renewable Generation: 60.45 MW
Total Regulation Reserve Shortage: 0.0 MW
Total Spinning Reserve Shortage: 0.0 MW
Total Primary Reserve Shortage: 0.0 MW

*************** Load Shedding ************
Total Shedded Load: 0.0 MW

**************** Interface ***********
In total, there are 0 interfaces that are violated

****************** Load ******************
index loadBusNumber loadID load_IsInSvc Pload Pd_served Pd_shedded
1 1 1 1 19.186614413680783 19.186614 0.0
2 3 1 1 13.149850366449515 13.149849999999999 0.0
3 5 1 1 19.186614413680783 19.186614 0.0
4 6 1 1 13.149850366449515 13.149849999999999 0.0
5 8 1 1 21.994411644951146 21.994412 0.0
6 8 2 1 22.953742365635186 22.953742 0.0
7 8 3 1 11.675756820032575 11.675757 0.0
8 8 4 1 17.23285550692183 17.232855999999998 0.0
9 9 1 1 56.577114210097726 56.577113999999995 0.0
10 10 1 1 34.75818989210099 34.75819 0.0

**************** Generator Cost ******************
Index genIdx segmentIdx segmentBreadth segmentPrice Pgi
1 1 1 0.5 9.39 0.5
2 1 2 3.5000000000000004 9.52 3.5000000000000004
3 1 3 101.0 9.64 101.0
4 2 1 5.0 0.0 0.0
5 3 1 10.0 1.0 10.0
6 3 2 4.0 1.01 4.0
7 5 1 20.3 18.58 20.3
8 5 2 10.0 21.36 10.0
9 5 3 134.6 22.09 21.751772
10 6 1 10.93 22.09 10.93
11 6 2 30.0 22.19 11.473228

****************** Branch  Pkc******************
indexCtgcy ctgcyValid brcIdx brc_IsInSvcOrig pkc rateC
2 1 1 1 10.686586 99999.0
2 1 2 1 6.5367996 99999.0
2 1 3 1 6.0442479 99999.0
2 1 4 1 -0.10600855000000001 99999.0
2 1 5 1 4.7483466000000005 99999.0
2 1 6 1 -7.1056025 99999.0
2 1 7 1 20.050675000000002 99999.0
2 1 8 1 -28.14929 99999.0
2 1 9 1 0.88700434 99999.0
2 1 10 1 12.149206999999999 99999.0
2 1 11 1 -1.0006434 99999.0
2 1 12 1 0.0 99999.0
2 1 13 1 0.0 99999.0
2 1 14 1 73.856766 289.0
2 1 15 1 57.993943 99999.0
2 1 16 1 35.758833 980.0000000000001
2 1 17 1 0.0 980.0000000000001
2 1 18 1 1.0006434 19.5
2 1 19 1 0.0 980.0000000000001
2 1 20 1 -9.806456500000001 980.0000000000001

****************** Generator Pgc ******************
indexCtgcy ctgcyValid genIdx gen_IsInSvc pgc
2 1 1 1 160.0
2 1 2 0 0.0
2 1 3 1 33.455
2 1 4 0 0.0
2 1 5 1 -9.806456500000001
2 1 6 1 9.806456500000001
2 1 7 1 36.41
2 1 8 1 0.0
2 1 9 1 0.0

****************** Bus ******************
index busNumber busAngle
1 1 0.021851615
2 2 0.014600027
3 3 0.0
4 4 0.0098769514
5 5 0.010771276
6 6 0.04640835
7 7 0.01935439
8 8 -0.1107443
9 9 -0.0099205652
10 10 -0.024060801
11 11 0.010558249
12 12 0.072179404
13 13 0.092315905
14 14 0.068869227

****************** Branch ******************
index lineflow rateA slackVar
1 0.12255515 0.15 0.0
2 0.04967871 999.99 0.0
3 0.073748685 999.99 0.0
4 0.026786955 999.99 0.0
5 0.022019506 999.99 0.0
6 -0.057749818 999.99 0.0
7 -0.021237811 999.99 0.0
8 -0.045320574 999.99 0.0
9 0.035595521 999.99 0.0
10 -0.14140574 999.99 0.0
11 0.18024184 999.99 0.0
12 -0.10074295 999.99 0.0
13 -0.35240313 999.99 0.0
14 0.73856766 2.89 0.0
15 0.26611176 999.99 0.0
16 0.16734006 7.38 0.0
17 -0.29140392 7.38 0.0
18 -0.18024184 0.188 0.0
19 -0.10074295 7.38 0.0
20 0.06737164 7.38 0.0

*************** Contingency Results ************
Contingency 2: Total Shedded Load = 0.0 MW
End of scenario results.
