****************** Summary for reduced_scenario_16 ******************
Scenario: reduced_scenario_16
Objective value is: 50736.0753395

################## The following info is mainly for violations ##############

**************** Generator ******************
Index PgInSvc Pg_init Pgmax Pgmin Pg hasCostCurvData srReq_slack pgmax_slack pgmin_slack energyRampUp_Slack energyRampDown_Slack spinRampSlack
1 1 0.44 1.05 0.38 105.0 1 0.0 0.55 0.0 0.43 0.0 0.0
Conventional Generator 1: Pg = 105.0 MW
2 0 0.0 0.05 0.0 0.0 1 0.0 0.0 0.0 0.0 0.0 0.0
Conventional Generator 2: Pg = 0.0 MW
3 1 0.13 0.14 0.13 14.000000000000002 1 0.0 0.18895 0.0 0.0 0.0 0.08895
Conventional Generator 3: Pg = 14.000000000000002 MW
4 0 0.0 0.12 0.0 0.0 0 0.0 0.0 0.0 0.0 0.0 0.0
Conventional Generator 4: Pg = 0.0 MW
5 1 0.603 1.65 0.5 51.537105000000004 1 0.0 0.0 0.59715791 0.0 0.0 0.012528953
Conventional Generator 5: Pg = 51.537105000000004 MW
6 1 0.4493 0.45 0.05 22.357895 1 0.0 0.0 0.0 0.0 0.0 0.026421047
Conventional Generator 6: Pg = 22.357895 MW
7 1 0.3641 0.45 0.05 36.41 0 0.0 0.1141 0.0 0.0 0.0 0.0
Conventional Generator 7: Pg = 36.41 MW
8 1 0.12165 0.12165 0.12165 2333.0 0 0 0 0 0 0 0
Solar Generator 8: Pg = 23.33 MW
9 1 0.185 0.185 0.185 3600.0 0 0 0 0 0 0 0
Wind Generator 9: Pg = 36.0 MW
Total Renewable Generation: 59.33 MW
Total Regulation Reserve Shortage: 0.0 MW
Total Spinning Reserve Shortage: 0.0 MW
Total Primary Reserve Shortage: 0.0 MW

*************** Load Shedding ************
Total Shedded Load: 0.0 MW

**************** Interface ***********
In total, there are 0 interfaces that are violated

****************** Load ******************
index loadBusNumber loadID load_IsInSvc Pload Pd_served Pd_shedded
1 1 1 1 19.13987174267101 19.139872 0.0
2 3 1 1 13.117814535830618 13.117815 0.0
3 5 1 1 19.13987174267101 19.139872 0.0
4 6 1 1 13.117814535830618 13.117815 0.0
5 8 1 1 21.94082858306189 21.940829 0.0
6 8 2 1 22.897822170195443 22.897822 0.0
7 8 3 1 11.647312194625407 11.647312 0.0
8 8 4 1 17.190872607899024 17.190873 0.0
9 9 1 1 56.43928033387622 56.439280000000004 0.0
10 10 1 1 34.67351155333876 34.673512 0.0

**************** Generator Cost ******************
Index genIdx segmentIdx segmentBreadth segmentPrice Pgi
1 1 1 0.5 9.39 0.5
2 1 2 3.5000000000000004 9.52 3.5000000000000004
3 1 3 101.0 9.64 101.0
4 2 1 5.0 0.0 0.0
5 3 1 10.0 1.0 10.0
6 3 2 4.0 1.01 4.0
7 5 1 20.3 18.58 20.3
8 5 2 10.0 21.36 10.0
9 5 3 134.6 22.09 21.237105
10 6 1 10.93 22.09 10.93
11 6 2 30.0 22.19 11.427895000000001

****************** Branch  Pkc******************
indexCtgcy ctgcyValid brcIdx brc_IsInSvcOrig pkc rateC
2 1 1 1 10.716995 99999.0
2 1 2 1 6.5531331999999995 99999.0
2 1 3 1 6.0406043 99999.0
2 1 4 1 -0.082559246 99999.0
2 1 5 1 4.75895 99999.0
2 1 6 1 -7.0772103 99999.0
2 1 7 1 19.996274 99999.0
2 1 8 1 -28.104397 99999.0
2 1 9 1 0.9483535 99999.0
2 1 10 1 12.168485 99999.0
2 1 11 1 -0.94932951 99999.0
2 1 12 1 0.0 99999.0
2 1 13 1 0.0 99999.0
2 1 14 1 73.676836 289.0
2 1 15 1 58.218768 99999.0
2 1 16 1 35.622841 980.0000000000001
2 1 17 1 0.0 980.0000000000001
2 1 18 1 0.94932951 19.5
2 1 19 1 0.0 980.0000000000001
2 1 20 1 -9.7157905 980.0000000000001

****************** Generator Pgc ******************
indexCtgcy ctgcyValid genIdx gen_IsInSvc pgc
2 1 1 1 160.0
2 1 2 0 0.0
2 1 3 1 32.895
2 1 4 0 0.0
2 1 5 1 -9.7157905
2 1 6 1 9.7157905
2 1 7 1 36.41
2 1 8 1 0.0
2 1 9 1 0.0

****************** Bus ******************
index busNumber busAngle
1 1 0.021837261
2 2 0.01457423
3 3 0.0
4 4 0.0098444476
5 5 0.010695804
6 6 0.045816865
7 7 0.019474454
8 8 -0.11030729
9 9 -0.0099181829
10 10 -0.024105123
11 11 0.010245125
12 12 0.071373664
13 13 0.091342754
14 14 0.068376102

****************** Branch ******************
index lineflow rateA slackVar
1 0.12274855 0.15 0.0
2 0.049952733 999.99 0.0
3 0.073618374 999.99 0.0
4 0.026824989 999.99 0.0
5 0.022305187 999.99 0.0
6 -0.057559771 999.99 0.0
7 -0.020217433 999.99 0.0
8 -0.046050145 999.99 0.0
9 0.035532796 999.99 0.0
10 -0.13935823 999.99 0.0
11 0.17884234 999.99 0.0
12 -0.099905394 999.99 0.0
13 -0.34947332 999.99 0.0
14 0.73676836 2.89 0.0
15 0.2671815 999.99 0.0
16 0.16789278 7.38 0.0
17 -0.28957129 7.38 0.0
18 -0.17884234 0.188 0.0
19 -0.099905394 7.38 0.0
20 0.065992335 7.38 0.0

*************** Contingency Results ************
Contingency 2: Total Shedded Load = 0.0 MW
End of scenario results.
