****************** Summary for reduced_scenario_17 ******************
Scenario: reduced_scenario_17
Objective value is: 51183.8208443

################## The following info is mainly for violations ##############

**************** Generator ******************
Index PgInSvc Pg_init Pgmax Pgmin Pg hasCostCurvData srReq_slack pgmax_slack pgmin_slack energyRampUp_Slack energyRampDown_Slack spinRampSlack
1 1 0.44 1.05 0.38 105.0 1 0.0 0.55 0.0 0.43 0.0 0.0
Conventional Generator 1: Pg = 105.0 MW
2 0 0.0 0.05 0.0 0.0 1 0.0 0.0 0.0 0.0 0.0 0.0
Conventional Generator 2: Pg = 0.0 MW
3 1 0.13 0.14 0.13 14.000000000000002 1 0.0 0.19155 0.0 0.0 0.0 0.09155
Conventional Generator 3: Pg = 14.000000000000002 MW
4 0 0.0 0.12 0.0 0.0 0 0.0 0.0 0.0 0.0 0.0 0.0
Conventional Generator 4: Pg = 0.0 MW
5 1 0.603 1.65 0.5 51.776056999999994 1 0.0 0.0 0.59757885 0.0 0.0 0.015339427
Conventional Generator 5: Pg = 51.776056999999994 MW
6 1 0.4493 0.45 0.05 22.378943 1 0.0 0.0 0.0 0.0 0.0 0.026210573
Conventional Generator 6: Pg = 22.378943 MW
7 1 0.3641 0.45 0.05 36.41 0 0.0 0.1141 0.0 0.0 0.0 0.0
Conventional Generator 7: Pg = 36.41 MW
8 1 0.08134999999999999 0.08134999999999999 0.08134999999999999 1527.0 0 0 0 0 0 0 0
Solar Generator 8: Pg = 15.27 MW
9 1 0.2279 0.2279 0.2279 4458.0 0 0 0 0 0 0 0
Wind Generator 9: Pg = 44.58 MW
Total Renewable Generation: 59.85 MW
Total Regulation Reserve Shortage: 0.0 MW
Total Spinning Reserve Shortage: 0.0 MW
Total Primary Reserve Shortage: 0.0 MW

*************** Load Shedding ************
Total Shedded Load: 0.0 MW

**************** Interface ***********
In total, there are 0 interfaces that are violated

****************** Load ******************
index loadBusNumber loadID load_IsInSvc Pload Pd_served Pd_shedded
1 1 1 1 19.161573697068402 19.161574 0.0
2 3 1 1 13.132688314332247 13.132688 0.0
3 5 1 1 19.161573697068402 19.161574 0.0
4 6 1 1 13.132688314332247 13.132688 0.0
5 8 1 1 21.965706433224756 21.965705999999997 0.0
6 8 2 1 22.92378511807818 22.923785 0.0
7 8 3 1 11.660518627850164 11.660518999999999 0.0
8 8 4 1 17.21036466815961 17.210365 0.0
9 9 1 1 56.50327463355049 56.503274999999995 0.0
10 10 1 1 34.71282649633551 34.712826 0.0

**************** Generator Cost ******************
Index genIdx segmentIdx segmentBreadth segmentPrice Pgi
1 1 1 0.5 9.39 0.5
2 1 2 3.5000000000000004 9.52 3.5000000000000004
3 1 3 101.0 9.64 101.0
4 2 1 5.0 0.0 0.0
5 3 1 10.0 1.0 10.0
6 3 2 4.0 1.01 4.0
7 5 1 20.3 18.58 20.3
8 5 2 10.0 21.36 10.0
9 5 3 134.6 22.09 21.476057
10 6 1 10.93 22.09 10.93
11 6 2 30.0 22.19 11.448943

****************** Branch  Pkc******************
indexCtgcy ctgcyValid brcIdx brc_IsInSvcOrig pkc rateC
2 1 1 1 10.702876999999999 99999.0
2 1 2 1 6.5455498 99999.0
2 1 3 1 6.0422959999999994 99999.0
2 1 4 1 -0.093446422 99999.0
2 1 5 1 4.754027000000001 99999.0
2 1 6 1 -7.090392399999999 99999.0
2 1 7 1 20.021531 99999.0
2 1 8 1 -28.12524 99999.0
2 1 9 1 0.9198699600000001 99999.0
2 1 10 1 12.159533999999999 99999.0
2 1 11 1 -0.97315383 99999.0
2 1 12 1 0.0 99999.0
2 1 13 1 0.0 99999.0
2 1 14 1 73.760375 289.0
2 1 15 1 58.114385 99999.0
2 1 16 1 35.68598 980.0000000000001
2 1 17 1 0.0 980.0000000000001
2 1 18 1 0.97315383 19.5
2 1 19 1 0.0 980.0000000000001
2 1 20 1 -9.757885400000001 980.0000000000001

****************** Generator Pgc ******************
indexCtgcy ctgcyValid genIdx gen_IsInSvc pgc
2 1 1 1 160.0
2 1 2 0 0.0
2 1 3 1 33.155
2 1 4 0 0.0
2 1 5 1 -9.757885400000001
2 1 6 1 9.757885400000001
2 1 7 1 36.41
2 1 8 1 0.0
2 1 9 1 0.0

****************** Bus ******************
index busNumber busAngle
1 1 0.021843926
2 2 0.014586207
3 3 0.0
4 4 0.0098595387
5 5 0.010730844
6 6 0.046091483
7 7 0.01941871
8 8 -0.11051019
9 9 -0.009919289
10 10 -0.024084545
11 11 0.010390504
12 12 0.071747758
13 13 0.091794574
14 14 0.068605053

****************** Branch ******************
index lineflow rateA slackVar
1 0.12265875 0.15 0.0
2 0.049825508 999.99 0.0
3 0.073678876 999.99 0.0
4 0.02680733 999.99 0.0
5 0.022172549 999.99 0.0
6 -0.057648007 999.99 0.0
7 -0.02069118 999.99 0.0
8 -0.045711415 999.99 0.0
9 0.035561918 999.99 0.0
10 -0.14030886 999.99 0.0
11 0.1794921 999.99 0.0
12 -0.10029426 999.99 0.0
13 -0.35083359 999.99 0.0
14 0.73760375 2.89 0.0
15 0.26668484 999.99 0.0
16 0.16763616 7.38 0.0
17 -0.29042215 7.38 0.0
18 -0.1794921 0.188 0.0
19 -0.10029426 7.38 0.0
20 0.066632726 7.38 0.0

*************** Contingency Results ************
Contingency 2: Total Shedded Load = 0.0 MW
End of scenario results.
