****************** Summary for reduced_scenario_2 ******************
Scenario: reduced_scenario_2
Objective value is: 29883.35746802

################## The following info is mainly for violations ##############

**************** Generator ******************
Index PgInSvc Pg_init Pgmax Pgmin Pg hasCostCurvData srReq_slack pgmax_slack pgmin_slack energyRampUp_Slack energyRampDown_Slack spinRampSlack
1 1 0.44 1.05 0.38 93.65 1 0.0 0.4365 0.0 0.3165 0.0 0.0
Conventional Generator 1: Pg = 93.65 MW
2 0 0.0 0.05 0.0 0.0 1 0.0 0.0 0.0 0.0 0.0 0.0
Conventional Generator 2: Pg = 0.0 MW
3 1 0.13 0.14 0.13 14.000000000000002 1 0.0 0.1 0.0 0.0 0.0 0.0
Conventional Generator 3: Pg = 14.000000000000002 MW
4 0 0.0 0.12 0.0 0.0 0 0.0 0.0 0.0 0.0 0.0 0.0
Conventional Generator 4: Pg = 0.0 MW
5 1 0.603 1.65 0.5 47.439618 1 0.0 0.0 0.57560382 0.0 0.0 0.0
Conventional Generator 5: Pg = 47.439618 MW
6 1 0.4493 0.45 0.05 17.560382 1 0.0 0.0 0.0 0.0 0.0 0.0
Conventional Generator 6: Pg = 17.560382 MW
7 1 0.3641 0.45 0.05 36.41 0 0.0 0.1141 0.0 0.0 0.0 0.0
Conventional Generator 7: Pg = 36.41 MW
8 1 0.0802 0.0802 0.0802 1504.0 0 0 0 0 0 0 0
Solar Generator 8: Pg = 15.04 MW
9 1 0.024 0.024 0.024 380.0 0 0 0 0 0 0 0
Wind Generator 9: Pg = 3.8 MW
Total Renewable Generation: 18.84 MW
Total Regulation Reserve Shortage: 0.0 MW
Total Spinning Reserve Shortage: 0.0 MW
Total Primary Reserve Shortage: 0.0 MW

*************** Load Shedding ************
Total Shedded Load: 0.0 MW

**************** Interface ***********
In total, there are 0 interfaces that are violated

****************** Load ******************
index loadBusNumber loadID load_IsInSvc Pload Pd_served Pd_shedded
1 1 1 1 17.450040716612378 17.450041 0.0
2 3 1 1 11.959662052117267 11.959662 0.0
3 5 1 1 17.450040716612378 17.450041 0.0
4 6 1 1 11.959662052117267 11.959662 0.0
5 8 1 1 20.003705211726388 20.003705 0.0
6 8 2 1 20.87620724755701 20.876207 0.0
7 8 3 1 10.618988192182412 10.618988 0.0
8 8 4 1 15.67311583876222 15.673116 0.0
9 9 1 1 51.45633957654724 51.45634 0.0
10 10 1 1 31.61223839576548 31.612237999999998 0.0

**************** Generator Cost ******************
Index genIdx segmentIdx segmentBreadth segmentPrice Pgi
1 1 1 0.5 9.39 0.5
2 1 2 3.5000000000000004 9.52 3.5000000000000004
3 1 3 101.0 9.64 89.64999999999999
4 2 1 5.0 0.0 0.0
5 3 1 10.0 1.0 10.0
6 3 2 4.0 1.01 4.0
7 5 1 20.3 18.58 20.3
8 5 2 10.0 21.36 10.0
9 5 3 134.6 22.09 17.139618000000002
10 6 1 10.93 22.09 10.93
11 6 2 30.0 22.19 6.630382

****************** Branch  Pkc******************
indexCtgcy ctgcyValid brcIdx brc_IsInSvcOrig pkc rateC
2 1 1 1 11.865364 99999.0
2 1 2 1 7.0945957 99999.0
2 1 3 1 5.9504582 99999.0
2 1 4 1 0.8521895300000001 99999.0
2 1 5 1 5.0627159 99999.0
2 1 6 1 -6.0092039 99999.0
2 1 7 1 17.336666 99999.0
2 1 8 1 -24.53294 99999.0
2 1 9 1 2.0392601999999997 99999.0
2 1 10 1 12.043937 99999.0
2 1 11 1 0.084274512 99999.0
2 1 12 1 0.0 99999.0
2 1 13 1 0.0 99999.0
2 1 14 1 67.172016 289.0
2 1 15 1 56.945043 99999.0
2 1 16 1 31.527964000000004 980.0000000000001
2 1 17 1 0.0 980.0000000000001
2 1 18 1 -0.084274512 19.5
2 1 19 1 0.0 980.0000000000001
2 1 20 1 -7.560382000000001 980.0000000000001

****************** Generator Pgc ******************
indexCtgcy ctgcyValid genIdx gen_IsInSvc pgc
2 1 1 1 148.65
2 1 2 0 0.0
2 1 3 1 24.0
2 1 4 0 0.0
2 1 5 1 -7.560382000000001
2 1 6 1 7.560382000000001
2 1 7 1 36.41
2 1 8 1 0.0
2 1 9 1 0.0

****************** Bus ******************
index busNumber busAngle
1 1 0.02202029
2 2 0.014160633
3 3 0.0
4 4 0.0082209736
5 5 0.0093587988
6 6 0.038879696
7 7 0.013500516
8 8 -0.10482299
9 9 -0.01285055
10 10 -0.025622162
11 11 0.0060653638
12 12 0.061725667
13 13 0.079576621
14 14 0.054281347

****************** Branch ******************
index lineflow rateA slackVar
1 0.13283179 0.15 0.0
2 0.056767803 999.99 0.0
3 0.071529184 999.99 0.0
4 0.033686814 999.99 0.0
5 0.027615791 999.99 0.0
6 -0.048067436 999.99 0.0
7 -0.027020308 999.99 0.0
8 -0.025246472 999.99 0.0
9 0.037886158 999.99 0.0
10 -0.11713712 999.99 0.0
11 0.16497905 999.99 0.0
12 -0.089308357 999.99 0.0
13 -0.31240443 999.99 0.0
14 0.67172016 2.89 0.0
15 0.23953336 999.99 0.0
16 0.15114334 7.38 0.0
17 -0.24828721 7.38 0.0
18 -0.16497905 0.188 0.0
19 -0.089308357 7.38 0.0
20 0.072683392 7.38 0.0

*************** Contingency Results ************
Contingency 2: Total Shedded Load = 0.0 MW
End of scenario results.
