****************** Summary for reduced_scenario_8 ******************
Scenario: reduced_scenario_8
Objective value is: 42093.52094538

################## The following info is mainly for violations ##############

**************** Generator ******************
Index PgInSvc Pg_init Pgmax Pgmin Pg hasCostCurvData srReq_slack pgmax_slack pgmin_slack energyRampUp_Slack energyRampDown_Slack spinRampSlack
1 1 0.44 1.05 0.38 103.8625 1 0.0 0.538625 0.0 0.418625 0.0 0.0
Conventional Generator 1: Pg = 103.8625 MW
2 0 0.0 0.05 0.0 0.0 1 0.0 0.0 0.0 0.0 0.0 0.0
Conventional Generator 2: Pg = 0.0 MW
3 1 0.13 0.14 0.13 14.000000000000002 1 0.0 0.138625 0.0 0.0 0.0 0.038625
Conventional Generator 3: Pg = 14.000000000000002 MW
4 0 0.0 0.12 0.0 0.0 0 0.0 0.0 0.0 0.0 0.0 0.0
Conventional Generator 4: Pg = 0.0 MW
5 1 0.603 1.65 0.5 50.033174 1 0.0 0.0 0.58829326 0.0 0.0 0.0
Conventional Generator 5: Pg = 50.033174 MW
6 1 0.4493 0.45 0.05 18.829326 1 0.0 0.0 0.0 0.0 0.0 0.0
Conventional Generator 6: Pg = 18.829326 MW
7 1 0.3641 0.45 0.05 36.41 0 0.0 0.1141 0.0 0.0 0.0 0.0
Conventional Generator 7: Pg = 36.41 MW
8 1 0.027549999999999998 0.027549999999999998 0.027549999999999998 451.0 0 0 0 0 0 0 0
Solar Generator 8: Pg = 4.51 MW
9 1 0.21739999999999998 0.21739999999999998 0.21739999999999998 4248.0 0 0 0 0 0 0 0
Wind Generator 9: Pg = 42.48 MW
Total Renewable Generation: 46.99 MW
Total Regulation Reserve Shortage: 0.0 MW
Total Spinning Reserve Shortage: 0.0 MW
Total Primary Reserve Shortage: 0.0 MW

*************** Load Shedding ************
Total Shedded Load: 0.0 MW

**************** Interface ***********
In total, there are 0 interfaces that are violated

****************** Load ******************
index loadBusNumber loadID load_IsInSvc Pload Pd_served Pd_shedded
1 1 1 1 18.624867671009774 18.624868 0.0
2 3 1 1 12.764848330618895 12.764848 0.0
3 5 1 1 18.624867671009774 18.624868 0.0
4 6 1 1 12.764848330618895 12.764848 0.0
5 8 1 1 21.350458061889256 21.350458 0.0
6 8 2 1 22.281701445439744 22.281701 0.0
7 8 3 1 11.333913375407167 11.333912999999999 0.0
8 8 4 1 16.728311024022805 16.728311 0.0
9 9 1 1 54.920646376221505 54.920646 0.0
10 10 1 1 33.74053771376222 33.740538 0.0

**************** Generator Cost ******************
Index genIdx segmentIdx segmentBreadth segmentPrice Pgi
1 1 1 0.5 9.39 0.5
2 1 2 3.5000000000000004 9.52 3.5000000000000004
3 1 3 101.0 9.64 99.8625
4 2 1 5.0 0.0 0.0
5 3 1 10.0 1.0 10.0
6 3 2 4.0 1.01 4.0
7 5 1 20.3 18.58 20.3
8 5 2 10.0 21.36 10.0
9 5 3 134.6 22.09 19.733174
10 6 1 10.93 22.09 10.93
11 6 2 30.0 22.19 7.8993261

****************** Branch  Pkc******************
indexCtgcy ctgcyValid brcIdx brc_IsInSvcOrig pkc rateC
2 1 1 1 11.056952 99999.0
2 1 2 1 6.7281807 99999.0
2 1 3 1 6.004626 99999.0
2 1 4 1 0.18452243000000002 99999.0
2 1 5 1 4.8678031 99999.0
2 1 6 1 -6.760222300000001 99999.0
2 1 7 1 19.327443 99999.0
2 1 8 1 -27.414486999999998 99999.0
2 1 9 1 1.5113441 99999.0
2 1 10 1 12.298559000000001 99999.0
2 1 11 1 -0.46628944999999994 99999.0
2 1 12 1 0.0 99999.0
2 1 13 1 0.0 99999.0
2 1 14 1 71.694384 289.0
2 1 15 1 59.753629 99999.0
2 1 16 1 34.206827000000004 980.0000000000001
2 1 17 1 0.0 980.0000000000001
2 1 18 1 0.46628944999999994 19.5
2 1 19 1 0.0 980.0000000000001
2 1 20 1 -8.8293261 980.0000000000001

****************** Generator Pgc ******************
indexCtgcy ctgcyValid genIdx gen_IsInSvc pgc
2 1 1 1 158.86249999999998
2 1 2 0 0.0
2 1 3 1 27.8625
2 1 4 0 0.0
2 1 5 1 -8.8293261
2 1 6 1 8.8293261
2 1 7 1 36.41
2 1 8 1 0.0
2 1 9 1 0.0

****************** Bus ******************
index busNumber busAngle
1 1 0.02181499
2 2 0.014390466
3 3 0.0
4 4 0.0093995267
5 5 0.01013361
6 6 0.042096332
7 7 0.01907918
8 8 -0.10721048
9 9 -0.011216871
10 10 -0.025185962
11 11 0.007867495
12 12 0.0663557
13 13 0.085311028
14 14 0.059638831

****************** Branch ******************
index lineflow rateA slackVar
1 0.12547785 0.15 0.0
2 0.052373476 999.99 0.0
3 0.072690133 999.99 0.0
4 0.028306141 999.99 0.0
5 0.024481573 999.99 0.0
6 -0.054958351 999.99 0.0
7 -0.017432506 999.99 0.0
8 -0.046287554 999.99 0.0
9 0.037067851 999.99 0.0
10 -0.12682613 999.99 0.0
11 0.17209068 999.99 0.0
12 -0.094833541 999.99 0.0
13 -0.33173176 999.99 0.0
14 0.71694384 2.89 0.0
15 0.27539361 999.99 0.0
16 0.16531469 7.38 0.0
17 -0.2620597 7.38 0.0
18 -0.17209068 0.188 0.0
19 -0.094833541 7.38 0.0
20 0.07376644 7.38 0.0

*************** Contingency Results ************
Contingency 2: Total Shedded Load = 0.0 MW
End of scenario results.
