****************** Summary for reduced_scenario_12 ******************
Scenario: reduced_scenario_12
Objective value is: 80748.721768597

################## The following info is mainly for violations ##############

**************** Generator ******************
Index PgInSvc Pg_init Pgmax Pgmin Pg hasCostCurvData srReq_slack pgmax_slack pgmin_slack energyRampUp_Slack energyRampDown_Slack spinRampSlack
1 1 0.44 1.05 0.38 105.0 1 0.0 0.55 0.0 0.43 0.0 0.0
Conventional Generator 1: Pg = 105.0 MW
2 0 0.0 0.05 0.0 0.0 1 0.0 0.0 0.0 0.0 0.0 0.0
Conventional Generator 2: Pg = 0.0 MW
3 1 0.13 0.14 0.13 14.000000000000002 1 0.0 0.36185 0.0 0.0 0.0 0.26185
Conventional Generator 3: Pg = 14.000000000000002 MW
4 0 0.0 0.12 0.0 0.0 0 0.0 0.0 0.0 0.0 0.0 0.0
Conventional Generator 4: Pg = 0.0 MW
5 1 0.603 1.65 0.5 50.255 1 0.0 0.0 0.62515101 0.0 0.0 0.027701013
Conventional Generator 5: Pg = 50.255 MW
6 1 0.4493 0.45 0.05 40.93 1 0.0 0.24344899 0.0 0.0 0.0 0.18414899
Conventional Generator 6: Pg = 40.93 MW
7 1 0.3641 0.45 0.05 36.41 0 0.0 0.1141 0.0 0.0 0.0 0.0
Conventional Generator 7: Pg = 36.41 MW
8 1 0.2304 0.2304 0.2304 4508.0 0 0 0 0 0 0 0
Solar Generator 8: Pg = 45.08 MW
9 1 0.24914999999999998 0.24914999999999998 0.24914999999999998 4883.0 0 0 0 0 0 0 0
Wind Generator 9: Pg = 48.83 MW
Total Renewable Generation: 93.91 MW
Total Regulation Reserve Shortage: 0.0 MW
Total Spinning Reserve Shortage: 0.0 MW
Total Primary Reserve Shortage: 0.0 MW

*************** Load Shedding ************
Total Shedded Load: 0.0 MW

**************** Interface ***********
In total, there are 0 interfaces that are violated

****************** Load ******************
index loadBusNumber loadID load_IsInSvc Pload Pd_served Pd_shedded
1 1 1 1 20.58305171009772 20.583052 0.0
2 3 1 1 14.106920806188928 14.106921 0.0
3 5 1 1 20.58305171009772 20.583052 0.0
4 6 1 1 14.106920806188928 14.106921 0.0
5 8 1 1 23.59520561889251 23.595205999999997 0.0
6 8 2 1 24.6243582043974 24.624357999999997 0.0
7 8 3 1 12.525540004071662 12.52554 0.0
8 8 4 1 18.487094615228017 18.487095 0.0
9 9 1 1 60.694901262214984 60.694901 0.0
10 10 1 1 37.287955262622155 37.287955000000004 0.0

**************** Generator Cost ******************
Index genIdx segmentIdx segmentBreadth segmentPrice Pgi
1 1 1 0.5 9.39 0.5
2 1 2 3.5000000000000004 9.52 3.5000000000000004
3 1 3 101.0 9.64 101.0
4 2 1 5.0 0.0 0.0
5 3 1 10.0 1.0 10.0
6 3 2 4.0 1.01 4.0
7 5 1 20.3 18.58 20.3
8 5 2 10.0 21.36 10.0
9 5 3 134.6 22.09 19.955000000000002
10 6 1 10.93 22.09 10.93
11 6 2 30.0 22.19 30.0

****************** Branch  Pkc******************
indexCtgcy ctgcyValid brcIdx brc_IsInSvcOrig pkc rateC
2 1 1 1 9.7781137 99999.0
2 1 2 1 6.0488346 99999.0
2 1 3 1 6.153102 99999.0
2 1 4 1 -0.80655641 99999.0
2 1 5 1 4.431568100000001 99999.0
2 1 6 1 -7.9538188 99999.0
2 1 7 1 21.675922 99999.0
2 1 8 1 -29.490496 99999.0
2 1 9 1 -0.94580185 99999.0
2 1 10 1 11.573273 99999.0
2 1 11 1 -2.5336474 99999.0
2 1 12 1 0.0 99999.0
2 1 13 1 0.0 99999.0
2 1 14 1 79.232198 289.0
2 1 15 1 51.277306 99999.0
2 1 16 1 39.821603 980.0000000000001
2 1 17 1 0.0 980.0000000000001
2 1 18 1 2.5336474 19.5
2 1 19 1 0.0 980.0000000000001
2 1 20 1 -12.515101000000001 980.0000000000001

****************** Generator Pgc ******************
indexCtgcy ctgcyValid genIdx gen_IsInSvc pgc
2 1 1 1 160.0
2 1 2 0 0.0
2 1 3 1 50.185
2 1 4 0 0.0
2 1 5 1 -12.515101000000001
2 1 6 1 12.515101000000001
2 1 7 1 36.41
2 1 8 1 0.0
2 1 9 1 0.0

****************** Bus ******************
index busNumber busAngle
1 1 0.021865593
2 2 0.015063987
3 3 0.0
4 4 0.011113005
5 5 0.012203669
6 6 0.055541451
7 7 0.02010028
8 8 -0.11946724
9 9 -0.0035190182
10 10 -0.018931556
11 11 0.017654449
12 12 0.084176974
13 13 0.10655166
14 14 0.10688699

****************** Branch ******************
index lineflow rateA slackVar
1 0.11495024 0.15 0.0
2 0.043319241 999.99 0.0
3 0.076092272 999.99 0.0
4 0.022408017 999.99 0.0
5 0.016449953 999.99 0.0
6 -0.064976936 999.99 0.0
7 -0.025900352 999.99 0.0
8 -0.042976639 999.99 0.0
9 0.026308072 999.99 0.0
10 -0.17196168 999.99 0.0
11 0.19048266 999.99 0.0
12 -0.11194059 999.99 0.0
13 -0.39157295 999.99 0.0
14 0.79232198 2.89 0.0
15 0.21470138 999.99 0.0
16 0.18239689 7.38 0.0
17 -0.40833645 7.38 0.0
18 -0.19048266 0.188 0.0024826617
19 -0.11194059 7.38 0.0
20 -0.00096354535 7.38 0.0

*************** Contingency Results ************
Contingency 2: Total Shedded Load = 0.0 MW
End of scenario results.
