****************** Summary for reduced_scenario_13 ******************
Scenario: reduced_scenario_13
Objective value is: 52871.4769775

################## The following info is mainly for violations ##############

**************** Generator ******************
Index PgInSvc Pg_init Pgmax Pgmin Pg hasCostCurvData srReq_slack pgmax_slack pgmin_slack energyRampUp_Slack energyRampDown_Slack spinRampSlack
1 1 0.44 1.05 0.38 105.0 1 0.0 0.55 0.0 0.43 0.0 0.0
Conventional Generator 1: Pg = 105.0 MW
2 0 0.0 0.05 0.0 0.0 1 0.0 0.0 0.0 0.0 0.0 0.0
Conventional Generator 2: Pg = 0.0 MW
3 1 0.13 0.14 0.13 14.000000000000002 1 0.0 0.20135 0.0 0.0 0.0 0.10135
Conventional Generator 3: Pg = 14.000000000000002 MW
4 0 0.0 0.12 0.0 0.0 0 0.0 0.0 0.0 0.0 0.0 0.0
Conventional Generator 4: Pg = 0.0 MW
5 1 0.603 1.65 0.5 52.676725000000005 1 0.0 0.0 0.59916551 0.0 0.0 0.025932754
Conventional Generator 5: Pg = 52.676725000000005 MW
6 1 0.4493 0.45 0.05 22.458275 1 0.0 0.0 0.0 0.0 0.0 0.025417246
Conventional Generator 6: Pg = 22.458275 MW
7 1 0.3641 0.45 0.05 36.41 0 0.0 0.1141 0.0 0.0 0.0 0.0
Conventional Generator 7: Pg = 36.41 MW
8 1 0.23225 0.23225 0.23225 4545.0 0 0 0 0 0 0 0
Solar Generator 8: Pg = 45.45 MW
9 1 0.0868 0.0868 0.0868 1636.0 0 0 0 0 0 0 0
Wind Generator 9: Pg = 16.36 MW
Total Renewable Generation: 61.81 MW
Total Regulation Reserve Shortage: 0.0 MW
Total Spinning Reserve Shortage: 0.0 MW
Total Primary Reserve Shortage: 0.0 MW

*************** Load Shedding ************
Total Shedded Load: 0.0 MW

**************** Interface ***********
In total, there are 0 interfaces that are violated

****************** Load ******************
index loadBusNumber loadID load_IsInSvc Pload Pd_served Pd_shedded
1 1 1 1 19.243373371335508 19.243373 0.0
2 3 1 1 13.188751017915312 13.188751000000002 0.0
3 5 1 1 19.243373371335508 19.243373 0.0
4 6 1 1 13.188751017915312 13.188751000000002 0.0
5 8 1 1 22.05947679153095 22.059477 0.0
6 8 2 1 23.02164546009773 23.021645 0.0
7 8 3 1 11.710296722312707 11.710297 0.0
8 8 4 1 17.283834741449517 17.283835 0.0
9 9 1 1 56.74448391693813 56.74448399999999 0.0
10 10 1 1 34.861013589169396 34.861014000000004 0.0

**************** Generator Cost ******************
Index genIdx segmentIdx segmentBreadth segmentPrice Pgi
1 1 1 0.5 9.39 0.5
2 1 2 3.5000000000000004 9.52 3.5000000000000004
3 1 3 101.0 9.64 101.0
4 2 1 5.0 0.0 0.0
5 3 1 10.0 1.0 10.0
6 3 2 4.0 1.01 4.0
7 5 1 20.3 18.58 20.3
8 5 2 10.0 21.36 10.0
9 5 3 134.6 22.09 22.376725
10 6 1 10.93 22.09 10.93
11 6 2 30.0 22.19 11.528275

****************** Branch  Pkc******************
indexCtgcy ctgcyValid brcIdx brc_IsInSvcOrig pkc rateC
2 1 1 1 10.649661 99999.0
2 1 2 1 6.516966 99999.0
2 1 3 1 6.0486724 99999.0
2 1 4 1 -0.1344827 99999.0
2 1 5 1 4.7354709 99999.0
2 1 6 1 -7.140078699999999 99999.0
2 1 7 1 20.116734 99999.0
2 1 8 1 -28.203803999999998 99999.0
2 1 9 1 0.8125089300000001 99999.0
2 1 10 1 12.125798 99999.0
2 1 11 1 -1.0629532000000002 99999.0
2 1 12 1 0.0 99999.0
2 1 13 1 0.0 99999.0
2 1 14 1 74.075254 289.0
2 1 15 1 57.720941999999994 99999.0
2 1 16 1 35.923967000000005 980.0000000000001
2 1 17 1 0.0 980.0000000000001
2 1 18 1 1.0629532000000002 19.5
2 1 19 1 0.0 980.0000000000001
2 1 20 1 -9.9165508 980.0000000000001

****************** Generator Pgc ******************
indexCtgcy ctgcyValid genIdx gen_IsInSvc pgc
2 1 1 1 160.0
2 1 2 0 0.0
2 1 3 1 34.135
2 1 4 0 0.0
2 1 5 1 -9.9165508
2 1 6 1 9.9165508
2 1 7 1 36.41
2 1 8 1 0.0
2 1 9 1 0.0

****************** Bus ******************
index busNumber busAngle
1 1 0.021869045
2 2 0.014631353
3 3 0.0
4 4 0.0099164203
5 5 0.01086292
6 6 0.047126581
7 7 0.019208598
8 8 -0.11127496
9 9 -0.0099234581
10 10 -0.024006981
11 11 0.010938471
12 12 0.073157803
13 13 0.093497588
14 14 0.069468022

****************** Branch ******************
index lineflow rateA slackVar
1 0.1223203 0.15 0.0
2 0.049345969 999.99 0.0
3 0.07390692 999.99 0.0
4 0.02674077 999.99 0.0
5 0.021672607 999.99 0.0
6 -0.05798059 999.99 0.0
7 -0.02247684 999.99 0.0
8 -0.044434666 999.99 0.0
9 0.035671686 999.99 0.0
10 -0.143892 999.99 0.0
11 0.18194123 999.99 0.0
12 -0.10175998 999.99 0.0
13 -0.35596075 999.99 0.0
14 0.74075254 2.89 0.0
15 0.2648128 999.99 0.0
16 0.16666891 7.38 0.0
17 -0.29362926 7.38 0.0
18 -0.18194123 0.188 0.0
19 -0.10175998 7.38 0.0
20 0.06904651 7.38 0.0

*************** Contingency Results ************
Contingency 2: Total Shedded Load = 0.0 MW
End of scenario results.
