****************** Summary for reduced_scenario_1 ******************
Scenario: reduced_scenario_1
Objective value is: 66735.13140140001

################## The following info is mainly for violations ##############

**************** Generator ******************
Index PgInSvc Pg_init Pgmax Pgmin Pg hasCostCurvData srReq_slack pgmax_slack pgmin_slack energyRampUp_Slack energyRampDown_Slack spinRampSlack
1 1 0.44 1.05 0.38 105.0 1 0.0 0.55 0.0 0.43 0.0 0.0
Conventional Generator 1: Pg = 105.0 MW
2 0 0.0 0.05 0.0 0.0 1 0.0 0.0 0.0 0.0 0.0 0.0
Conventional Generator 2: Pg = 0.0 MW
3 1 0.13 0.14 0.13 14.000000000000002 1 0.0 0.28185 0.0 0.0 0.0 0.18185
Conventional Generator 3: Pg = 14.000000000000002 MW
4 0 0.0 0.12 0.0 0.0 0 0.0 0.0 0.0 0.0 0.0 0.0
Conventional Generator 4: Pg = 0.0 MW
5 1 0.603 1.65 0.5 52.427486 1 0.0 0.0 0.61219874 0.0 0.0 0.036473597
Conventional Generator 5: Pg = 52.427486 MW
6 1 0.4493 0.45 0.05 30.757514000000004 1 0.0 0.052951541 0.0 0.0 0.0 0.095376403
Conventional Generator 6: Pg = 30.757514000000004 MW
7 1 0.3641 0.45 0.05 36.41 0 0.0 0.1141 0.0 0.0 0.0 0.0
Conventional Generator 7: Pg = 36.41 MW
8 1 0.14695 0.14695 0.14695 2839.0 0 0 0 0 0 0 0
Solar Generator 8: Pg = 28.39 MW
9 1 0.2526 0.2526 0.2526 4952.0 0 0 0 0 0 0 0
Wind Generator 9: Pg = 49.52 MW
Total Renewable Generation: 77.91 MW
Total Regulation Reserve Shortage: 0.0 MW
Total Spinning Reserve Shortage: 0.0 MW
Total Primary Reserve Shortage: 0.0 MW

*************** Load Shedding ************
Total Shedded Load: 0.0 MW

**************** Interface ***********
In total, there are 0 interfaces that are violated

****************** Load ******************
index loadBusNumber loadID load_IsInSvc Pload Pd_served Pd_shedded
1 1 1 1 19.915299267100977 19.915299 0.0
2 3 1 1 13.649266083061889 13.649265999999999 0.0
3 5 1 1 19.915299267100977 19.915299 0.0
4 6 1 1 13.649266083061889 13.649265999999999 0.0
5 8 1 1 22.829733306188928 22.829733 0.0
6 8 2 1 23.825498269543978 23.825498 0.0
7 8 3 1 12.119188212540717 12.119188 0.0
8 8 4 1 17.887338914902283 17.887339 0.0
9 9 1 1 58.72584588762215 58.725846000000004 0.0
10 10 1 1 36.078264708876226 36.078265 0.0

**************** Generator Cost ******************
Index genIdx segmentIdx segmentBreadth segmentPrice Pgi
1 1 1 0.5 9.39 0.5
2 1 2 3.5000000000000004 9.52 3.5000000000000004
3 1 3 101.0 9.64 101.0
4 2 1 5.0 0.0 0.0
5 3 1 10.0 1.0 10.0
6 3 2 4.0 1.01 4.0
7 5 1 20.3 18.58 20.3
8 5 2 10.0 21.36 10.0
9 5 3 134.6 22.09 22.127485999999998
10 6 1 10.93 22.09 10.93
11 6 2 30.0 22.19 19.827513999999997

****************** Branch  Pkc******************
indexCtgcy ctgcyValid brcIdx brc_IsInSvcOrig pkc rateC
2 1 1 1 10.212530000000001 99999.0
2 1 2 1 6.2821711 99999.0
2 1 3 1 6.1010498 99999.0
2 1 4 1 -0.47156639999999994 99999.0
2 1 5 1 4.5830462 99999.0
2 1 6 1 -7.548216200000001 99999.0
2 1 7 1 20.898757 99999.0
2 1 8 1 -28.849154 99999.0
2 1 9 1 -0.069385265 99999.0
2 1 10 1 11.848675 99999.0
2 1 11 1 -1.8005910999999999 99999.0
2 1 12 1 0.0 99999.0
2 1 13 1 0.0 99999.0
2 1 14 1 76.66175899999999 289.0
2 1 15 1 54.489087000000005 99999.0
2 1 16 1 37.878856 980.0000000000001
2 1 17 1 0.0 980.0000000000001
2 1 18 1 1.8005910999999999 19.5
2 1 19 1 0.0 980.0000000000001
2 1 20 1 -11.219874 980.0000000000001

****************** Generator Pgc ******************
indexCtgcy ctgcyValid genIdx gen_IsInSvc pgc
2 1 1 1 160.0
2 1 2 0 0.0
2 1 3 1 42.185
2 1 4 0 0.0
2 1 5 1 -11.219874
2 1 6 1 11.219874
2 1 7 1 36.41
2 1 8 1 0.0
2 1 9 1 0.0

****************** Bus ******************
index busNumber busAngle
1 1 0.021890635
2 2 0.014865588
3 3 0.0
4 4 0.010501679
5 5 0.011581613
6 6 0.051827082
7 7 0.019412247
8 8 -0.11562744
9 9 -0.007075144
10 10 -0.021675278
11 11 0.014433882
12 12 0.07936332
13 13 0.10087907
14 14 0.086926726

****************** Branch ******************
index lineflow rateA slackVar
1 0.1187265 0.15 0.0
2 0.046220511 999.99 0.0
3 0.075090107 999.99 0.0
4 0.024749941 999.99 0.0
5 0.01888645 999.99 0.0
6 -0.061402554 999.99 0.0
7 -0.025645539 999.99 0.0
8 -0.042609834 999.99 0.0
9 0.03160276 999.99 0.0
10 -0.15969157 999.99 0.0
11 0.188 999.99 0.0
12 -0.10764332 999.99 0.0
13 -0.37654091 999.99 0.0
14 0.76661759 2.89 0.0
15 0.24077258 999.99 0.0
16 0.17278265 7.38 0.0
17 -0.34766577 7.38 0.0
18 -0.188 0.188 0.0
19 -0.10764332 7.38 0.0
20 0.040090629 7.38 0.0

*************** Contingency Results ************
Contingency 2: Total Shedded Load = 0.0 MW
End of scenario results.
