****************** Summary for reduced_scenario_7 ******************
Scenario: reduced_scenario_7
Objective value is: 41576.71279429

################## The following info is mainly for violations ##############

**************** Generator ******************
Index PgInSvc Pg_init Pgmax Pgmin Pg hasCostCurvData srReq_slack pgmax_slack pgmin_slack energyRampUp_Slack energyRampDown_Slack spinRampSlack
1 1 0.44 1.05 0.38 103.565 1 0.0 0.53565 0.0 0.41565 0.0 0.0
Conventional Generator 1: Pg = 103.565 MW
2 0 0.0 0.05 0.0 0.0 1 0.0 0.0 0.0 0.0 0.0 0.0
Conventional Generator 2: Pg = 0.0 MW
3 1 0.13 0.14 0.13 14.000000000000002 1 0.0 0.13565 0.0 0.0 0.0 0.03565
Conventional Generator 3: Pg = 14.000000000000002 MW
4 0 0.0 0.12 0.0 0.0 0 0.0 0.0 0.0 0.0 0.0 0.0
Conventional Generator 4: Pg = 0.0 MW
5 1 0.603 1.65 0.5 49.802589000000005 1 0.0 0.0 0.58762411 0.0 0.0 0.0
Conventional Generator 5: Pg = 49.802589000000005 MW
6 1 0.4493 0.45 0.05 18.762411 1 0.0 0.0 0.0 0.0 0.0 0.0
Conventional Generator 6: Pg = 18.762411 MW
7 1 0.3641 0.45 0.05 36.41 0 0.0 0.1141 0.0 0.0 0.0 0.0
Conventional Generator 7: Pg = 36.41 MW
8 1 0.21059999999999998 0.21059999999999998 0.21059999999999998 4112.0 0 0 0 0 0 0 0
Solar Generator 8: Pg = 41.12 MW
9 1 0.028399999999999998 0.028399999999999998 0.028399999999999998 468.0 0 0 0 0 0 0 0
Wind Generator 9: Pg = 4.68 MW
Total Renewable Generation: 45.8 MW
Total Regulation Reserve Shortage: 0.0 MW
Total Spinning Reserve Shortage: 0.0 MW
Total Primary Reserve Shortage: 0.0 MW

*************** Load Shedding ************
Total Shedded Load: 0.0 MW

**************** Interface ***********
In total, there are 0 interfaces that are violated

****************** Load ******************
index loadBusNumber loadID load_IsInSvc Pload Pd_served Pd_shedded
1 1 1 1 18.57520358306189 18.575204 0.0
2 3 1 1 12.73081026058632 12.73081 0.0
3 5 1 1 18.57520358306189 18.575204 0.0
4 6 1 1 12.73081026058632 12.73081 0.0
5 8 1 1 21.293526058631922 21.293526 0.0
6 8 2 1 22.22228623778502 22.222286 0.0
7 8 3 1 11.303690960912053 11.303691 0.0
8 8 4 1 16.683704193811078 16.683704 0.0
9 9 1 1 54.77419788273615 54.774198 0.0
10 10 1 1 33.65056697882737 33.650566999999995 0.0

**************** Generator Cost ******************
Index genIdx segmentIdx segmentBreadth segmentPrice Pgi
1 1 1 0.5 9.39 0.5
2 1 2 3.5000000000000004 9.52 3.5000000000000004
3 1 3 101.0 9.64 99.565
4 2 1 5.0 0.0 0.0
5 3 1 10.0 1.0 10.0
6 3 2 4.0 1.01 4.0
7 5 1 20.3 18.58 20.3
8 5 2 10.0 21.36 10.0
9 5 3 134.6 22.09 19.502589
10 6 1 10.93 22.09 10.93
11 6 2 30.0 22.19 7.8324114

****************** Branch  Pkc******************
indexCtgcy ctgcyValid brcIdx brc_IsInSvcOrig pkc rateC
2 1 1 1 11.090546 99999.0
2 1 2 1 6.7442501 99999.0
2 1 3 1 6.0018445 99999.0
2 1 4 1 0.21171810000000002 99999.0
2 1 5 1 4.8769837 99999.0
2 1 6 1 -6.7289658 99999.0
2 1 7 1 19.251479 99999.0
2 1 8 1 -27.315715 99999.0
2 1 9 1 1.5469879 99999.0
2 1 10 1 12.29751 99999.0
2 1 11 1 -0.43330074999999996 99999.0
2 1 12 1 0.0 99999.0
2 1 13 1 0.0 99999.0
2 1 14 1 71.503207 289.0
2 1 15 1 59.746078000000004 99999.0
2 1 16 1 34.083868 980.0000000000001
2 1 17 1 0.0 980.0000000000001
2 1 18 1 0.43330074999999996 19.5
2 1 19 1 0.0 980.0000000000001
2 1 20 1 -8.7624114 980.0000000000001

****************** Generator Pgc ******************
indexCtgcy ctgcyValid genIdx gen_IsInSvc pgc
2 1 1 1 158.565
2 1 2 0 0.0
2 1 3 1 27.565
2 1 4 0 0.0
2 1 5 1 -8.7624114
2 1 6 1 8.7624114
2 1 7 1 36.41
2 1 8 1 0.0
2 1 9 1 0.0

****************** Bus ******************
index busNumber busAngle
1 1 0.021816591
2 2 0.014375516
3 3 0.0
4 4 0.0093542265
5 5 0.010086825
6 6 0.041814691
7 7 0.01895255
8 8 -0.10700035
9 9 -0.011269319
10 10 -0.025216628
11 11 0.007713534
12 12 0.065965195
13 13 0.084835462
14 14 0.059299566

****************** Branch ******************
index lineflow rateA slackVar
1 0.12575755 0.15 0.0
2 0.052590411 999.99 0.0
3 0.072614619 999.99 0.0
4 0.028478277 999.99 0.0
5 0.024664658 999.99 0.0
6 -0.054693483 999.99 0.0
7 -0.017397269 999.99 0.0
8 -0.04589864 999.99 0.0
9 0.037080702 999.99 0.0
10 -0.12589424 999.99 0.0
11 0.17144875 999.99 0.0
12 -0.094407976 999.99 0.0
13 -0.33024312 999.99 0.0
14 0.71503207 2.89 0.0
15 0.27471929 999.99 0.0
16 0.16505692 7.38 0.0
17 -0.26099891 7.38 0.0
18 -0.17144875 0.188 0.0
19 -0.094407976 7.38 0.0
20 0.073374794 7.38 0.0

*************** Contingency Results ************
Contingency 2: Total Shedded Load = 0.0 MW
End of scenario results.
