****************** Summary for reduced_scenario_15 ******************
Scenario: reduced_scenario_15
Objective value is: 36247.94295141

################## The following info is mainly for violations ##############

**************** Generator ******************
Index PgInSvc Pg_init Pgmax Pgmin Pg hasCostCurvData srReq_slack pgmax_slack pgmin_slack energyRampUp_Slack energyRampDown_Slack spinRampSlack
1 1 0.44 1.05 0.38 100.4975 1 0.0 0.504975 0.0 0.384975 0.0 0.0
Conventional Generator 1: Pg = 100.4975 MW
2 0 0.0 0.05 0.0 0.0 1 0.0 0.0 0.0 0.0 0.0 0.0
Conventional Generator 2: Pg = 0.0 MW
3 1 0.13 0.14 0.13 14.000000000000002 1 0.0 0.104975 0.0 0.0 0.0 0.004975
Conventional Generator 3: Pg = 14.000000000000002 MW
4 0 0.0 0.12 0.0 0.0 0 0.0 0.0 0.0 0.0 0.0 0.0
Conventional Generator 4: Pg = 0.0 MW
5 1 0.603 1.65 0.5 47.425041 1 0.0 0.0 0.58072459 0.0 0.0 0.0
Conventional Generator 5: Pg = 47.425041 MW
6 1 0.4493 0.45 0.05 18.072459 1 0.0 0.0 0.0 0.0 0.0 0.0
Conventional Generator 6: Pg = 18.072459 MW
7 1 0.3641 0.45 0.05 36.41 0 0.0 0.1141 0.0 0.0 0.0 0.0
Conventional Generator 7: Pg = 36.41 MW
8 1 0.132 0.132 0.132 2540.0 0 0 0 0 0 0 0
Solar Generator 8: Pg = 25.4 MW
9 1 0.04565 0.04565 0.04565 813.0000000000001 0 0 0 0 0 0 0
Wind Generator 9: Pg = 8.13 MW
Total Renewable Generation: 33.53 MW
Total Regulation Reserve Shortage: 0.0 MW
Total Spinning Reserve Shortage: 0.0 MW
Total Primary Reserve Shortage: 0.0 MW

*************** Load Shedding ************
Total Shedded Load: 0.0 MW

**************** Interface ***********
In total, there are 0 interfaces that are violated

****************** Load ******************
index loadBusNumber loadID load_IsInSvc Pload Pd_served Pd_shedded
1 1 1 1 18.063120928338765 18.063121 0.0
2 3 1 1 12.379846294788276 12.379846 0.0
3 5 1 1 18.063120928338765 18.063121 0.0
4 6 1 1 12.379846294788276 12.379846 0.0
5 8 1 1 20.706504478827366 20.706504 0.0
6 8 2 1 21.60966052524431 21.609661 0.0
7 8 3 1 10.992069930781764 10.99207 0.0
8 8 4 1 16.223766541123787 16.223767 0.0
9 9 1 1 53.264178542345284 53.264179 0.0
10 10 1 1 32.722885535423465 32.722886 0.0

**************** Generator Cost ******************
Index genIdx segmentIdx segmentBreadth segmentPrice Pgi
1 1 1 0.5 9.39 0.5
2 1 2 3.5000000000000004 9.52 3.5000000000000004
3 1 3 101.0 9.64 96.4975
4 2 1 5.0 0.0 0.0
5 3 1 10.0 1.0 10.0
6 3 2 4.0 1.01 4.0
7 5 1 20.3 18.58 20.3
8 5 2 10.0 21.36 10.0
9 5 3 134.6 22.09 17.125041
10 6 1 10.93 22.09 10.93
11 6 2 30.0 22.19 7.142458599999999

****************** Branch  Pkc******************
indexCtgcy ctgcyValid brcIdx brc_IsInSvcOrig pkc rateC
2 1 1 1 11.436939 99999.0
2 1 2 1 6.9099404 99999.0
2 1 3 1 5.9731641 99999.0
2 1 4 1 0.49213052 99999.0
2 1 5 1 4.971644 99999.0
2 1 6 1 -6.4066822 99999.0
2 1 7 1 18.468225999999998 99999.0
2 1 8 1 -26.297285999999996 99999.0
2 1 9 1 1.9145087 99999.0
2 1 10 1 12.28669 99999.0
2 1 11 1 -0.093156708 99999.0
2 1 12 1 0.0 99999.0
2 1 13 1 0.0 99999.0
2 1 14 1 69.532001 289.0
2 1 15 1 59.668212 99999.0
2 1 16 1 32.816042 980.0000000000001
2 1 17 1 0.0 980.0000000000001
2 1 18 1 0.093156708 19.5
2 1 19 1 0.0 980.0000000000001
2 1 20 1 -8.072458600000001 980.0000000000001

****************** Generator Pgc ******************
indexCtgcy ctgcyValid genIdx gen_IsInSvc pgc
2 1 1 1 155.4975
2 1 2 0 0.0
2 1 3 1 24.4975
2 1 4 0 0.0
2 1 5 1 -8.072458600000001
2 1 6 1 8.072458600000001
2 1 7 1 36.41
2 1 8 1 0.0
2 1 9 1 0.0

****************** Bus ******************
index busNumber busAngle
1 1 0.021833097
2 2 0.014221374
3 3 0.0
4 4 0.0088871387
5 5 0.0096044381
6 6 0.038910715
7 7 0.017646877
8 8 -0.10483374
9 9 -0.011810106
10 10 -0.02553282
11 11 0.0061260535
12 12 0.061938735
13 13 0.079931936
14 14 0.055801426

****************** Branch ******************
index lineflow rateA slackVar
1 0.12864159 0.15 0.0
2 0.054827202 999.99 0.0
3 0.071836008 999.99 0.0
4 0.030253152 999.99 0.0
5 0.026552429 999.99 0.0
6 -0.051962455 999.99 0.0
7 -0.017033943 999.99 0.0
8 -0.041888573 999.99 0.0
9 0.037213213 999.99 0.0
10 -0.11628552 999.99 0.0
11 0.16482987 999.99 0.0
12 -0.090020015 999.99 0.0
13 -0.31489384 999.99 0.0
14 0.69532001 2.89 0.0
15 0.26776641 999.99 0.0
16 0.16239898 7.38 0.0
17 -0.25006114 7.38 0.0
18 -0.16482987 0.188 0.0
19 -0.090020015 7.38 0.0
20 0.069336559 7.38 0.0

*************** Contingency Results ************
Contingency 2: Total Shedded Load = 0.0 MW
End of scenario results.
