****************** Summary for reduced_scenario_24 ******************
Scenario: reduced_scenario_24
Objective value is: 48858.988409

################## The following info is mainly for violations ##############

**************** Generator ******************
Index PgInSvc Pg_init Pgmax Pgmin Pg hasCostCurvData srReq_slack pgmax_slack pgmin_slack energyRampUp_Slack energyRampDown_Slack spinRampSlack
1 1 0.44 1.05 0.38 105.0 1 0.0 0.55 0.0 0.43 0.0 0.0
Conventional Generator 1: Pg = 105.0 MW
2 0 0.0 0.05 0.0 0.0 1 0.0 0.0 0.0 0.0 0.0 0.0
Conventional Generator 2: Pg = 0.0 MW
3 1 0.13 0.14 0.13 14.000000000000002 1 0.0 0.17805 0.0 0.0 0.0 0.07805
Conventional Generator 3: Pg = 14.000000000000002 MW
4 0 0.0 0.12 0.0 0.0 0 0.0 0.0 0.0 0.0 0.0 0.0
Conventional Generator 4: Pg = 0.0 MW
5 1 0.603 1.65 0.5 50.53534200000001 1 0.0 0.0 0.59539316 0.0 0.0 0.00074657892
Conventional Generator 5: Pg = 50.53534200000001 MW
6 1 0.4493 0.45 0.05 22.269658 1 0.0 0.0 0.0 0.0 0.0 0.027303421
Conventional Generator 6: Pg = 22.269658 MW
7 1 0.3641 0.45 0.05 36.41 0 0.0 0.1141 0.0 0.0 0.0 0.0
Conventional Generator 7: Pg = 36.41 MW
8 1 0.16695000000000002 0.16695000000000002 0.16695000000000002 3239.0 0 0 0 0 0 0 0
Solar Generator 8: Pg = 32.39 MW
9 1 0.1288 0.1288 0.1288 2476.0 0 0 0 0 0 0 0
Wind Generator 9: Pg = 24.76 MW
Total Renewable Generation: 57.15 MW
Total Regulation Reserve Shortage: 0.0 MW
Total Spinning Reserve Shortage: 0.0 MW
Total Primary Reserve Shortage: 0.0 MW

*************** Load Shedding ************
Total Shedded Load: 0.0 MW

**************** Interface ***********
In total, there are 0 interfaces that are violated

****************** Load ******************
index loadBusNumber loadID load_IsInSvc Pload Pd_served Pd_shedded
1 1 1 1 19.048890472312703 19.04889 0.0
2 3 1 1 13.05545907980456 13.055458999999999 0.0
3 5 1 1 19.048890472312703 19.04889 0.0
4 6 1 1 13.05545907980456 13.055458999999999 0.0
5 8 1 1 21.836532980456028 21.836533 0.0
6 8 2 1 22.788977504071664 22.788978 0.0
7 8 3 1 11.591946763029316 11.591947 0.0
8 8 4 1 17.109155893729643 17.109156 0.0
9 9 1 1 56.170996539087945 56.170997 0.0
10 10 1 1 34.50869121539088 34.508691 0.0

**************** Generator Cost ******************
Index genIdx segmentIdx segmentBreadth segmentPrice Pgi
1 1 1 0.5 9.39 0.5
2 1 2 3.5000000000000004 9.52 3.5000000000000004
3 1 3 101.0 9.64 101.0
4 2 1 5.0 0.0 0.0
5 3 1 10.0 1.0 10.0
6 3 2 4.0 1.01 4.0
7 5 1 20.3 18.58 20.3
8 5 2 10.0 21.36 10.0
9 5 3 134.6 22.09 20.235342
10 6 1 10.93 22.09 10.93
11 6 2 30.0 22.19 11.339658

****************** Branch  Pkc******************
indexCtgcy ctgcyValid brcIdx brc_IsInSvcOrig pkc rateC
2 1 1 1 10.776184 99999.0
2 1 2 1 6.5849253 99999.0
2 1 3 1 6.0335122 99999.0
2 1 4 1 -0.036916857000000004 99999.0
2 1 5 1 4.7795889 99999.0
2 1 6 1 -7.0219469000000005 99999.0
2 1 7 1 19.890385 99999.0
2 1 8 1 -28.017014 99999.0
2 1 9 1 1.0677653 99999.0
2 1 10 1 12.206008 99999.0
2 1 11 1 -0.8494505899999999 99999.0
2 1 12 1 0.0 99999.0
2 1 13 1 0.0 99999.0
2 1 14 1 73.326613 289.0
2 1 15 1 58.656372999999995 99999.0
2 1 16 1 35.358142 980.0000000000001
2 1 17 1 0.0 980.0000000000001
2 1 18 1 0.8494505899999999 19.5
2 1 19 1 0.0 980.0000000000001
2 1 20 1 -9.5393158 980.0000000000001

****************** Generator Pgc ******************
indexCtgcy ctgcyValid genIdx gen_IsInSvc pgc
2 1 1 1 160.0
2 1 2 0 0.0
2 1 3 1 31.805
2 1 4 0 0.0
2 1 5 1 -9.5393158
2 1 6 1 9.5393158
2 1 7 1 36.41
2 1 8 1 0.0
2 1 9 1 0.0

****************** Bus ******************
index busNumber busAngle
1 1 0.021809322
2 2 0.014524016
3 3 0.0
4 4 0.0097811813
5 5 0.010548903
6 6 0.044665582
7 7 0.01970815
8 8 -0.10945668
9 9 -0.0099135458
10 10 -0.024191393
11 11 0.0096356508
12 12 0.069805349
13 13 0.089448586
14 14 0.067416269

****************** Branch ******************
index lineflow rateA slackVar
1 0.123125 0.15 0.0
2 0.050486098 999.99 0.0
3 0.073364734 999.99 0.0
4 0.026899019 999.99 0.0
5 0.022861245 999.99 0.0
6 -0.057189857 999.99 0.0
7 -0.018231342 999.99 0.0
8 -0.047470203 999.99 0.0
9 0.035410707 999.99 0.0
10 -0.1353729 999.99 0.0
11 0.17611831 999.99 0.0
12 -0.09827515 999.99 0.0
13 -0.34377065 999.99 0.0
14 0.73326613 2.89 0.0
15 0.26926367 999.99 0.0
16 0.1689686 7.38 0.0
17 -0.2860042 7.38 0.0
18 -0.17611831 0.188 0.0
19 -0.09827515 7.38 0.0
20 0.063307617 7.38 0.0

*************** Contingency Results ************
Contingency 2: Total Shedded Load = 0.0 MW
End of scenario results.
