****************** Summary for reduced_scenario_5 ******************
Scenario: reduced_scenario_5
Objective value is: 96804.307005

################## The following info is mainly for violations ##############

**************** Generator ******************
Index PgInSvc Pg_init Pgmax Pgmin Pg hasCostCurvData srReq_slack pgmax_slack pgmin_slack energyRampUp_Slack energyRampDown_Slack spinRampSlack
1 1 0.44 1.05 0.38 105.0 1 0.0 0.55 0.0 0.43 0.0 0.0
Conventional Generator 1: Pg = 105.0 MW
2 0 0.0 0.05 0.0 0.0 1 0.0 0.0 0.0 0.0 0.0 0.0
Conventional Generator 2: Pg = 0.0 MW
3 1 0.13 0.14 0.13 14.000000000000002 1 0.0 0.4432 0.0 0.0 0.0 0.3432
Conventional Generator 3: Pg = 14.000000000000002 MW
4 0 0.0 0.12 0.0 0.0 0 0.0 0.0 0.0 0.0 0.0 0.0
Conventional Generator 4: Pg = 0.0 MW
5 1 0.603 1.65 0.5 58.39 1 0.0 0.0 0.63832186 0.0 0.0 0.12222186
Conventional Generator 5: Pg = 58.39 MW
6 1 0.4493 0.45 0.05 40.93 1 0.0 0.23027814 0.0 0.0 0.0 0.17097814
Conventional Generator 6: Pg = 40.93 MW
7 1 0.3641 0.45 0.05 36.41 0 0.0 0.1141 0.0 0.0 0.0 0.0
Conventional Generator 7: Pg = 36.41 MW
8 1 0.23445 0.23445 0.23445 4589.0 0 0 0 0 0 0 0
Solar Generator 8: Pg = 45.89 MW
9 1 0.32645 0.32645 0.32645 6429.000000000001 0 0 0 0 0 0 0
Wind Generator 9: Pg = 64.29 MW
Total Renewable Generation: 110.18 MW
Total Regulation Reserve Shortage: 0.0 MW
Total Spinning Reserve Shortage: 0.0 MW
Total Primary Reserve Shortage: 0.0 MW

*************** Load Shedding ************
Total Shedded Load: 0.0 MW

**************** Interface ***********
In total, there are 0 interfaces that are violated

****************** Load ******************
index loadBusNumber loadID load_IsInSvc Pload Pd_served Pd_shedded
1 1 1 1 21.26207247557003 21.262072 0.0
2 3 1 1 14.572298452768727 14.572298 0.0
3 5 1 1 21.26207247557003 21.262072 0.0
4 6 1 1 14.572298452768727 14.572298 0.0
5 8 1 1 24.373595276872965 24.373595 0.0
6 8 2 1 25.436698900651468 25.436699 0.0
7 8 3 1 12.938748982084691 12.938749 0.0
8 8 4 1 19.096971192996744 19.096971 0.0
9 9 1 1 62.69718444625406 62.69718399999999 0.0
10 10 1 1 38.51805934446254 38.518059 0.0

**************** Generator Cost ******************
Index genIdx segmentIdx segmentBreadth segmentPrice Pgi
1 1 1 0.5 9.39 0.5
2 1 2 3.5000000000000004 9.52 3.5000000000000004
3 1 3 101.0 9.64 101.0
4 2 1 5.0 0.0 0.0
5 3 1 10.0 1.0 10.0
6 3 2 4.0 1.01 4.0
7 5 1 20.3 18.58 20.3
8 5 2 10.0 21.36 10.0
9 5 3 134.6 22.09 28.09
10 6 1 10.93 22.09 10.93
11 6 2 30.0 22.19 30.0

****************** Branch  Pkc******************
indexCtgcy ctgcyValid brcIdx brc_IsInSvcOrig pkc rateC
2 1 1 1 9.3363671 99999.0
2 1 2 1 5.8115604 99999.0
2 1 3 1 6.2060325 99999.0
2 1 4 1 -1.1471993999999999 99999.0
2 1 5 1 4.2775339 99999.0
2 1 6 1 -8.3662659 99999.0
2 1 7 1 22.466203 99999.0
2 1 8 1 -30.14266 99999.0
2 1 9 1 -1.837008 99999.0
2 1 10 1 11.293224 99999.0
2 1 11 1 -3.279074 99999.0
2 1 12 1 0.0 99999.0
2 1 13 1 0.0 99999.0
2 1 14 1 81.846014 289.0
2 1 15 1 48.011326 99999.0
2 1 16 1 41.797132999999995 980.0000000000001
2 1 17 1 0.0 980.0000000000001
2 1 18 1 3.279074 19.5
2 1 19 1 0.0 980.0000000000001
2 1 20 1 -13.832185999999998 980.0000000000001

****************** Generator Pgc ******************
indexCtgcy ctgcyValid genIdx gen_IsInSvc pgc
2 1 1 1 160.0
2 1 2 0 0.0
2 1 3 1 58.32000000000001
2 1 4 0 0.0
2 1 5 1 -13.832185999999998
2 1 6 1 13.832185999999998
2 1 7 1 36.41
2 1 8 1 0.0
2 1 9 1 0.0

****************** Bus ******************
index busNumber busAngle
1 1 0.022090018
2 2 0.015450507
3 3 0.0
4 4 0.011575019
5 5 0.013331568
6 6 0.064461225
7 7 0.018189977
8 8 -0.12598178
9 9 -0.0038018471
10 10 -0.018433618
11 11 0.022289743
12 12 0.096344807
13 13 0.1212574
14 14 0.11315754

****************** Branch ******************
index lineflow rateA slackVar
1 0.11221076 0.15 0.0
2 0.039268514 999.99 0.0
3 0.07804469 999.99 0.0
4 0.021979858 999.99 0.0
5 0.012186213 999.99 0.0
6 -0.067678295 999.99 0.0
7 -0.041713364 999.99 0.0
8 -0.031632356 999.99 0.0
9 0.027647283 999.99 0.0
10 -0.20287936 999.99 0.0
11 0.21202354 999.99 0.0
12 -0.12463775 999.99 0.0
13 -0.43598814 999.99 0.0
14 0.81846014 2.89 0.0
15 0.1999075 999.99 0.0
16 0.17315705 7.38 0.0
17 -0.43257412 7.38 0.0
18 -0.21202354 0.188 0.024023539
19 -0.12463775 7.38 0.0
20 0.023274115 7.38 0.0

*************** Contingency Results ************
Contingency 2: Total Shedded Load = 0.0 MW
End of scenario results.
