****************** Summary for reduced_scenario_10 ******************
Scenario: reduced_scenario_10
Objective value is: 40929.61686605

################## The following info is mainly for violations ##############

**************** Generator ******************
Index PgInSvc Pg_init Pgmax Pgmin Pg hasCostCurvData srReq_slack pgmax_slack pgmin_slack energyRampUp_Slack energyRampDown_Slack spinRampSlack
1 1 0.44 1.05 0.38 103.1925 1 0.0 0.531925 0.0 0.411925 0.0 0.0
Conventional Generator 1: Pg = 103.1925 MW
2 0 0.0 0.05 0.0 0.0 1 0.0 0.0 0.0 0.0 0.0 0.0
Conventional Generator 2: Pg = 0.0 MW
3 1 0.13 0.14 0.13 14.000000000000002 1 0.0 0.131925 0.0 0.0 0.0 0.031925
Conventional Generator 3: Pg = 14.000000000000002 MW
4 0 0.0 0.12 0.0 0.0 0 0.0 0.0 0.0 0.0 0.0 0.0
Conventional Generator 4: Pg = 0.0 MW
5 1 0.603 1.65 0.5 49.513873000000004 1 0.0 0.0 0.58678627 0.0 0.0 0.0
Conventional Generator 5: Pg = 49.513873000000004 MW
6 1 0.4493 0.45 0.05 18.678627 1 0.0 0.0 0.0 0.0 0.0 0.0
Conventional Generator 6: Pg = 18.678627 MW
7 1 0.3641 0.45 0.05 36.41 0 0.0 0.1141 0.0 0.0 0.0 0.0
Conventional Generator 7: Pg = 36.41 MW
8 1 0.11460000000000001 0.11460000000000001 0.11460000000000001 2192.0 0 0 0 0 0 0 0
Solar Generator 8: Pg = 21.92 MW
9 1 0.11695 0.11695 0.11695 2239.0 0 0 0 0 0 0 0
Wind Generator 9: Pg = 22.39 MW
Total Renewable Generation: 44.31 MW
Total Regulation Reserve Shortage: 0.0 MW
Total Spinning Reserve Shortage: 0.0 MW
Total Primary Reserve Shortage: 0.0 MW

*************** Load Shedding ************
Total Shedded Load: 0.0 MW

**************** Interface ***********
In total, there are 0 interfaces that are violated

****************** Load ******************
index loadBusNumber loadID load_IsInSvc Pload Pd_served Pd_shedded
1 1 1 1 18.513019136807817 18.513019 0.0
2 3 1 1 12.688191164495116 12.688190999999998 0.0
3 5 1 1 18.513019136807817 18.513019 0.0
4 6 1 1 12.688191164495116 12.688190999999998 0.0
5 8 1 1 21.222241449511404 21.222241 0.0
6 8 2 1 22.147892406351797 22.147892 0.0
7 8 3 1 11.265849450325735 11.265849 0.0
8 8 4 1 16.627851944218243 16.627852 0.0
9 9 1 1 54.59082960097721 54.590830000000004 0.0
10 10 1 1 33.53791454600978 33.537915 0.0

**************** Generator Cost ******************
Index genIdx segmentIdx segmentBreadth segmentPrice Pgi
1 1 1 0.5 9.39 0.5
2 1 2 3.5000000000000004 9.52 3.5000000000000004
3 1 3 101.0 9.64 99.1925
4 2 1 5.0 0.0 0.0
5 3 1 10.0 1.0 10.0
6 3 2 4.0 1.01 4.0
7 5 1 20.3 18.58 20.3
8 5 2 10.0 21.36 10.0
9 5 3 134.6 22.09 19.213873
10 6 1 10.93 22.09 10.93
11 6 2 30.0 22.19 7.748627399999999

****************** Branch  Pkc******************
indexCtgcy ctgcyValid brcIdx brc_IsInSvcOrig pkc rateC
2 1 1 1 11.13261 99999.0
2 1 2 1 6.7643705999999995 99999.0
2 1 3 1 5.9983617 99999.0
2 1 4 1 0.24576981 99999.0
2 1 5 1 4.8884787 99999.0
2 1 6 1 -6.6898295 99999.0
2 1 7 1 19.156365 99999.0
2 1 8 1 -27.192042999999998 99999.0
2 1 9 1 1.5916176 99999.0
2 1 10 1 12.296196 99999.0
2 1 11 1 -0.39199556 99999.0
2 1 12 1 0.0 99999.0
2 1 13 1 0.0 99999.0
2 1 14 1 71.263835 289.0
2 1 15 1 59.736622 99999.0
2 1 16 1 33.92991 980.0000000000001
2 1 17 1 0.0 980.0000000000001
2 1 18 1 0.39199556 19.5
2 1 19 1 0.0 980.0000000000001
2 1 20 1 -8.6786274 980.0000000000001

****************** Generator Pgc ******************
indexCtgcy ctgcyValid genIdx gen_IsInSvc pgc
2 1 1 1 158.1925
2 1 2 0 0.0
2 1 3 1 27.192499999999995
2 1 4 0 0.0
2 1 5 1 -8.6786274
2 1 6 1 8.6786274
2 1 7 1 36.41
2 1 8 1 0.0
2 1 9 1 0.0

****************** Bus ******************
index busNumber busAngle
1 1 0.021818595
2 2 0.014356798
3 3 0.0
4 4 0.0092975059
5 5 0.010028247
6 6 0.041462048
7 7 0.018793996
8 8 -0.10673725
9 9 -0.011334989
10 10 -0.025255025
11 11 0.0075207593
12 12 0.065476245
13 13 0.084240005
14 14 0.058874772

****************** Branch ******************
index lineflow rateA slackVar
1 0.12610777 0.15 0.0
2 0.052862034 999.99 0.0
3 0.072520069 999.99 0.0
4 0.028693807 999.99 0.0
5 0.024893898 999.99 0.0
6 -0.054361843 999.99 0.0
7 -0.017353149 999.99 0.0
8 -0.04541168 999.99 0.0
9 0.037096794 999.99 0.0
10 -0.12472741 999.99 0.0
11 0.17064499 999.99 0.0
12 -0.093875127 999.99 0.0
13 -0.32837919 999.99 0.0
14 0.71263835 2.89 0.0
15 0.27387497 999.99 0.0
16 0.16473415 7.38 0.0
17 -0.25967069 7.38 0.0
18 -0.17064499 0.188 0.0
19 -0.093875127 7.38 0.0
20 0.072884413 7.38 0.0

*************** Contingency Results ************
Contingency 2: Total Shedded Load = 0.0 MW
End of scenario results.
