****************** Summary for reduced_scenario_6 ******************
Scenario: reduced_scenario_6
Objective value is: 62265.9340754

################## The following info is mainly for violations ##############

**************** Generator ******************
Index PgInSvc Pg_init Pgmax Pgmin Pg hasCostCurvData srReq_slack pgmax_slack pgmin_slack energyRampUp_Slack energyRampDown_Slack spinRampSlack
1 1 0.44 1.05 0.38 105.0 1 0.0 0.55 0.0 0.43 0.0 0.0
Conventional Generator 1: Pg = 105.0 MW
2 0 0.0 0.05 0.0 0.0 1 0.0 0.0 0.0 0.0 0.0 0.0
Conventional Generator 2: Pg = 0.0 MW
3 1 0.13 0.14 0.13 14.000000000000002 1 0.0 0.2559 0.0 0.0 0.0 0.1559
Conventional Generator 3: Pg = 14.000000000000002 MW
4 0 0.0 0.12 0.0 0.0 0 0.0 0.0 0.0 0.0 0.0 0.0
Conventional Generator 4: Pg = 0.0 MW
5 1 0.603 1.65 0.5 53.570246 1 0.0 0.0 0.60799734 0.0 0.0 0.0436998
Conventional Generator 5: Pg = 53.570246 MW
6 1 0.4493 0.45 0.05 27.019754000000002 1 0.0 0.0 0.0 0.0 0.0 0.0622002
Conventional Generator 6: Pg = 27.019754000000002 MW
7 1 0.3641 0.45 0.05 36.41 0 0.0 0.1141 0.0 0.0 0.0 0.0
Conventional Generator 7: Pg = 36.41 MW
8 1 0.038900000000000004 0.038900000000000004 0.038900000000000004 678.0 0 0 0 0 0 0 0
Solar Generator 8: Pg = 6.78 MW
9 1 0.3347 0.3347 0.3347 6594.0 0 0 0 0 0 0 0
Wind Generator 9: Pg = 65.94 MW
Total Renewable Generation: 72.72 MW
Total Regulation Reserve Shortage: 0.0 MW
Total Spinning Reserve Shortage: 0.0 MW
Total Primary Reserve Shortage: 0.0 MW

*************** Load Shedding ************
Total Shedded Load: 0.0 MW

**************** Interface ***********
In total, there are 0 interfaces that are violated

****************** Load ******************
index loadBusNumber loadID load_IsInSvc Pload Pd_served Pd_shedded
1 1 1 1 19.69869706840391 19.698697000000003 0.0
2 3 1 1 13.50081433224756 13.500814 0.0
3 5 1 1 19.69869706840391 19.698697000000003 0.0
4 6 1 1 13.50081433224756 13.500814 0.0
5 8 1 1 22.581433224755703 22.581433 0.0
6 8 2 1 23.566368078175902 23.566367999999997 0.0
7 8 3 1 11.987377850162868 11.987378 0.0
8 8 4 1 17.692793159609124 17.692793 0.0
9 9 1 1 58.0871335504886 58.087134 0.0
10 10 1 1 35.68587133550489 35.685871000000006 0.0

**************** Generator Cost ******************
Index genIdx segmentIdx segmentBreadth segmentPrice Pgi
1 1 1 0.5 9.39 0.5
2 1 2 3.5000000000000004 9.52 3.5000000000000004
3 1 3 101.0 9.64 101.0
4 2 1 5.0 0.0 0.0
5 3 1 10.0 1.0 10.0
6 3 2 4.0 1.01 4.0
7 5 1 20.3 18.58 20.3
8 5 2 10.0 21.36 10.0
9 5 3 134.6 22.09 23.270246
10 6 1 10.93 22.09 10.93
11 6 2 30.0 22.19 16.089754

****************** Branch  Pkc******************
indexCtgcy ctgcyValid brcIdx brc_IsInSvcOrig pkc rateC
2 1 1 1 10.353443 99999.0
2 1 2 1 6.3578597 99999.0
2 1 3 1 6.0841654 99999.0
2 1 4 1 -0.36290401 99999.0
2 1 5 1 4.6321819 99999.0
2 1 6 1 -7.4166489 99999.0
2 1 7 1 20.646664 99999.0
2 1 8 1 -28.641119 99999.0
2 1 9 1 0.21490237 99999.0
2 1 10 1 11.938008 99999.0
2 1 11 1 -1.562806 99999.0
2 1 12 1 0.0 99999.0
2 1 13 1 0.0 99999.0
2 1 14 1 75.827972 289.0
2 1 15 1 55.530908000000004 99999.0
2 1 16 1 37.248677 980.0000000000001
2 1 17 1 0.0 980.0000000000001
2 1 18 1 1.562806 19.5
2 1 19 1 0.0 980.0000000000001
2 1 20 1 -10.799733999999999 980.0000000000001

****************** Generator Pgc ******************
indexCtgcy ctgcyValid genIdx gen_IsInSvc pgc
2 1 1 1 160.0
2 1 2 0 0.0
2 1 3 1 39.589999999999996
2 1 4 0 0.0
2 1 5 1 -10.799733999999999
2 1 6 1 10.799733999999999
2 1 7 1 36.41
2 1 8 1 0.0
2 1 9 1 0.0

****************** Bus ******************
index busNumber busAngle
1 1 0.021909341
2 2 0.014809058
3 3 0.0
4 4 0.01029662
5 5 0.01140081
6 6 0.050840021
7 7 0.019078539
8 8 -0.11449243
9 9 -0.0083937777
10 10 -0.022662339
11 11 0.013446821
12 12 0.07810989
13 13 0.099417507
14 14 0.079858111

****************** Branch ******************
index lineflow rateA slackVar
1 0.11999802 0.15 0.0
2 0.047115005 999.99 0.0
3 0.074804555 999.99 0.0
4 0.025592321 999.99 0.0
5 0.019601149 999.99 0.0
6 -0.060203589 999.99 0.0
7 -0.026221569 999.99 0.0
8 -0.041994642 999.99 0.0
9 0.033604943 999.99 0.0
10 -0.15649239 999.99 0.0
11 0.188 999.99 0.0
12 -0.10660204 999.99 0.0
13 -0.37289848 999.99 0.0
14 0.75827972 2.89 0.0
15 0.24972563 999.99 0.0
16 0.16885871 7.38 0.0
17 -0.32639947 7.38 0.0
18 -0.188 0.188 0.0
19 -0.10660204 7.38 0.0
20 0.056201929 7.38 0.0

*************** Contingency Results ************
Contingency 2: Total Shedded Load = 0.0 MW
End of scenario results.
