****************** Summary for reduced_scenario_9 ******************
Scenario: reduced_scenario_9
Objective value is: 85110.472383801

################## The following info is mainly for violations ##############

**************** Generator ******************
Index PgInSvc Pg_init Pgmax Pgmin Pg hasCostCurvData srReq_slack pgmax_slack pgmin_slack energyRampUp_Slack energyRampDown_Slack spinRampSlack
1 1 0.44 1.05 0.38 105.0 1 0.0 0.55 0.0 0.43 0.0 0.0
Conventional Generator 1: Pg = 105.0 MW
2 0 0.0 0.05 0.0 0.0 1 0.0 0.0 0.0 0.0 0.0 0.0
Conventional Generator 2: Pg = 0.0 MW
3 1 0.13 0.14 0.13 14.000000000000002 1 0.0 0.38395 0.0 0.0 0.0 0.28395
Conventional Generator 3: Pg = 14.000000000000002 MW
4 0 0.0 0.12 0.0 0.0 0 0.0 0.0 0.0 0.0 0.0 0.0
Conventional Generator 4: Pg = 0.0 MW
5 1 0.603 1.65 0.5 52.464999999999996 1 0.0 0.0 0.62872908 0.0 0.0 0.053379079
Conventional Generator 5: Pg = 52.464999999999996 MW
6 1 0.4493 0.45 0.05 40.93 1 0.0 0.23987092 0.0 0.0 0.0 0.18057092
Conventional Generator 6: Pg = 40.93 MW
7 1 0.3641 0.45 0.05 36.41 0 0.0 0.1141 0.0 0.0 0.0 0.0
Conventional Generator 7: Pg = 36.41 MW
8 1 0.1902 0.1902 0.1902 3704.0 0 0 0 0 0 0 0
Solar Generator 8: Pg = 37.04 MW
9 1 0.31145 0.31145 0.31145 6129.0 0 0 0 0 0 0 0
Wind Generator 9: Pg = 61.29 MW
Total Renewable Generation: 98.33 MW
Total Regulation Reserve Shortage: 0.0 MW
Total Spinning Reserve Shortage: 0.0 MW
Total Primary Reserve Shortage: 0.0 MW

*************** Load Shedding ************
Total Shedded Load: 0.0 MW

**************** Interface ***********
In total, there are 0 interfaces that are violated

****************** Load ******************
index loadBusNumber loadID load_IsInSvc Pload Pd_served Pd_shedded
1 1 1 1 20.767518322475574 20.767518 0.0
2 3 1 1 14.233347923452772 14.233348000000001 0.0
3 5 1 1 20.767518322475574 20.767518 0.0
4 6 1 1 14.233347923452772 14.233348000000001 0.0
5 8 1 1 23.806667345276878 23.806667 0.0
6 8 2 1 24.845043261400658 24.845043 0.0
7 8 3 1 12.637794686482087 12.637794999999999 0.0
8 8 4 1 18.652777127443002 18.652777 0.0
9 9 1 1 61.238852809446264 61.238853000000006 0.0
10 10 1 1 37.62213227809447 37.622132 0.0

**************** Generator Cost ******************
Index genIdx segmentIdx segmentBreadth segmentPrice Pgi
1 1 1 0.5 9.39 0.5
2 1 2 3.5000000000000004 9.52 3.5000000000000004
3 1 3 101.0 9.64 101.0
4 2 1 5.0 0.0 0.0
5 3 1 10.0 1.0 10.0
6 3 2 4.0 1.01 4.0
7 5 1 20.3 18.58 20.3
8 5 2 10.0 21.36 10.0
9 5 3 134.6 22.09 22.165000000000003
10 6 1 10.93 22.09 10.93
11 6 2 30.0 22.19 30.0

****************** Branch  Pkc******************
indexCtgcy ctgcyValid brcIdx brc_IsInSvcOrig pkc rateC
2 1 1 1 9.6581064 99999.0
2 1 2 1 5.9843753 99999.0
2 1 3 1 6.1674814 99999.0
2 1 4 1 -0.8990974 99999.0
2 1 5 1 4.3897223 99999.0
2 1 6 1 -8.0658665 99999.0
2 1 7 1 21.890614 99999.0
2 1 8 1 -29.667665999999997 99999.0
2 1 9 1 -1.1879119 99999.0
2 1 10 1 11.497194 99999.0
2 1 11 1 -2.7361542 99999.0
2 1 12 1 0.0 99999.0
2 1 13 1 0.0 99999.0
2 1 14 1 79.94228199999999 289.0
2 1 15 1 50.390051 99999.0
2 1 16 1 40.358286 980.0000000000001
2 1 17 1 0.0 980.0000000000001
2 1 18 1 2.7361542 19.5
2 1 19 1 0.0 980.0000000000001
2 1 20 1 -12.872907999999999 980.0000000000001

****************** Generator Pgc ******************
indexCtgcy ctgcyValid genIdx gen_IsInSvc pgc
2 1 1 1 160.0
2 1 2 0 0.0
2 1 3 1 52.395
2 1 4 0 0.0
2 1 5 1 -12.872907999999999
2 1 6 1 12.872907999999999
2 1 7 1 36.41
2 1 8 1 0.0
2 1 9 1 0.0

****************** Bus ******************
index busNumber busAngle
1 1 0.021926561
2 2 0.015168991
3 3 0.0
4 4 0.011238519
5 5 0.012510081
6 6 0.057964647
7 7 0.019581316
8 8 -0.12123701
9 9 -0.0035958531
10 10 -0.018796283
11 11 0.018913699
12 12 0.087482556
13 13 0.1105467
14 14 0.10859049

****************** Branch ******************
index lineflow rateA slackVar
1 0.11420602 0.15 0.0
2 0.042218798 999.99 0.0
3 0.076622677 999.99 0.0
4 0.022291701 999.99 0.0
5 0.015291641 999.99 0.0
6 -0.065710803 999.99 0.0
7 -0.030196204 999.99 0.0
8 -0.039894787 999.99 0.0
9 0.02667189 999.99 0.0
10 -0.18036095 999.99 0.0
11 0.19633458 999.99 0.0
12 -0.11538997 999.99 0.0
13 -0.40363903 999.99 0.0
14 0.79942282 2.89 0.0
15 0.21068239 999.99 0.0
16 0.17988674 7.38 0.0
17 -0.41492099 7.38 0.0
18 -0.19633458 0.188 0.0083345781
19 -0.11538997 7.38 0.0
20 0.0056209943 7.38 0.0

*************** Contingency Results ************
Contingency 2: Total Shedded Load = 0.0 MW
End of scenario results.
