****************** Summary for reduced_scenario_20 ******************
Scenario: reduced_scenario_20
Objective value is: 43526.68642168

################## The following info is mainly for violations ##############

**************** Generator ******************
Index PgInSvc Pg_init Pgmax Pgmin Pg hasCostCurvData srReq_slack pgmax_slack pgmin_slack energyRampUp_Slack energyRampDown_Slack spinRampSlack
1 1 0.44 1.05 0.38 104.6875 1 0.0 0.546875 0.0 0.426875 0.0 0.0
Conventional Generator 1: Pg = 104.6875 MW
2 0 0.0 0.05 0.0 0.0 1 0.0 0.0 0.0 0.0 0.0 0.0
Conventional Generator 2: Pg = 0.0 MW
3 1 0.13 0.14 0.13 14.000000000000002 1 0.0 0.146875 0.0 0.0 0.0 0.046875
Conventional Generator 3: Pg = 14.000000000000002 MW
4 0 0.0 0.12 0.0 0.0 0 0.0 0.0 0.0 0.0 0.0 0.0
Conventional Generator 4: Pg = 0.0 MW
5 1 0.603 1.65 0.5 50.672611999999994 1 0.0 0.0 0.59014888 0.0 0.0 0.0
Conventional Generator 5: Pg = 50.672611999999994 MW
6 1 0.4493 0.45 0.05 19.014888 1 0.0 0.0 0.0 0.0 0.0 0.0
Conventional Generator 6: Pg = 19.014888 MW
7 1 0.3641 0.45 0.05 36.41 0 0.0 0.1141 0.0 0.0 0.0 0.0
Conventional Generator 7: Pg = 36.41 MW
8 1 0.17925000000000002 0.17925000000000002 0.17925000000000002 3485.0 0 0 0 0 0 0 0
Solar Generator 8: Pg = 34.85 MW
9 1 0.0822 0.0822 0.0822 1544.0 0 0 0 0 0 0 0
Wind Generator 9: Pg = 15.44 MW
Total Renewable Generation: 50.29 MW
Total Regulation Reserve Shortage: 0.0 MW
Total Spinning Reserve Shortage: 0.0 MW
Total Primary Reserve Shortage: 0.0 MW

*************** Load Shedding ************
Total Shedded Load: 0.0 MW

**************** Interface ***********
In total, there are 0 interfaces that are violated

****************** Load ******************
index loadBusNumber loadID load_IsInSvc Pload Pd_served Pd_shedded
1 1 1 1 18.76259161237785 18.762592 0.0
2 3 1 1 12.859239617263846 12.85924 0.0
3 5 1 1 18.76259161237785 18.762592 0.0
4 6 1 1 12.859239617263846 12.85924 0.0
5 8 1 1 21.508336726384368 21.508337 0.0
6 8 2 1 22.44646630700326 22.446466 0.0
7 8 3 1 11.417723432410424 11.417723 0.0
8 8 4 1 16.85201063721499 16.852011 0.0
9 9 1 1 55.32676404723127 55.326764 0.0
10 10 1 1 33.99003639047232 33.990036 0.0

**************** Generator Cost ******************
Index genIdx segmentIdx segmentBreadth segmentPrice Pgi
1 1 1 0.5 9.39 0.5
2 1 2 3.5000000000000004 9.52 3.5000000000000004
3 1 3 101.0 9.64 100.6875
4 2 1 5.0 0.0 0.0
5 3 1 10.0 1.0 10.0
6 3 2 4.0 1.01 4.0
7 5 1 20.3 18.58 20.3
8 5 2 10.0 21.36 10.0
9 5 3 134.6 22.09 20.372612
10 6 1 10.93 22.09 10.93
11 6 2 30.0 22.19 8.084888

****************** Branch  Pkc******************
indexCtgcy ctgcyValid brcIdx brc_IsInSvcOrig pkc rateC
2 1 1 1 10.96379 99999.0
2 1 2 1 6.683618600000001 99999.0
2 1 3 1 6.012339600000001 99999.0
2 1 4 1 0.10910589000000001 99999.0
2 1 5 1 4.8423444 99999.0
2 1 6 1 -6.8469 99999.0
2 1 7 1 19.538098 99999.0
2 1 8 1 -27.688392 99999.0
2 1 9 1 1.4124998 99999.0
2 1 10 1 12.301468999999999 99999.0
2 1 11 1 -0.55777073 99999.0
2 1 12 1 0.0 99999.0
2 1 13 1 0.0 99999.0
2 1 14 1 72.224537 289.0
2 1 15 1 59.774571 99999.0
2 1 16 1 34.547807000000006 980.0000000000001
2 1 17 1 0.0 980.0000000000001
2 1 18 1 0.55777073 19.5
2 1 19 1 0.0 980.0000000000001
2 1 20 1 -9.014888000000001 980.0000000000001

****************** Generator Pgc ******************
indexCtgcy ctgcyValid genIdx gen_IsInSvc pgc
2 1 1 1 159.6875
2 1 2 0 0.0
2 1 3 1 28.6875
2 1 4 0 0.0
2 1 5 1 -9.014888000000001
2 1 6 1 9.014888000000001
2 1 7 1 36.41
2 1 8 1 0.0
2 1 9 1 0.0

****************** Bus ******************
index busNumber busAngle
1 1 0.02181055
2 2 0.014431922
3 3 0.0
4 4 0.0095251494
5 5 0.010263347
6 6 0.042877352
7 7 0.019430339
8 8 -0.10779318
9 9 -0.011071427
10 10 -0.025100923
11 11 0.0082944458
12 12 0.067438611
13 13 0.086629825
14 14 0.060579651

****************** Branch ******************
index lineflow rateA slackVar
1 0.12470219 0.15 0.0
2 0.051771894 999.99 0.0
3 0.072899539 999.99 0.0
4 0.027828791 999.99 0.0
5 0.02397386 999.99 0.0
6 -0.055692857 999.99 0.0
7 -0.017530222 999.99 0.0
8 -0.047366056 999.99 0.0
9 0.037032212 999.99 0.0
10 -0.12941038 999.99 0.0
11 0.17387082 999.99 0.0
12 -0.096013677 999.99 0.0
13 -0.33585993 999.99 0.0
14 0.72224537 2.89 0.0
15 0.27726357 999.99 0.0
16 0.16602954 7.38 0.0
17 -0.2650014 7.38 0.0
18 -0.17387082 0.188 0.0
19 -0.096013677 7.38 0.0
20 0.074852518 7.38 0.0

*************** Contingency Results ************
Contingency 2: Total Shedded Load = 0.0 MW
End of scenario results.
