****************** Summary for reduced_scenario_19 ******************
Scenario: reduced_scenario_19
Objective value is: 66046.2377866

################## The following info is mainly for violations ##############

**************** Generator ******************
Index PgInSvc Pg_init Pgmax Pgmin Pg hasCostCurvData srReq_slack pgmax_slack pgmin_slack energyRampUp_Slack energyRampDown_Slack spinRampSlack
1 1 0.44 1.05 0.38 105.0 1 0.0 0.55 0.0 0.43 0.0 0.0
Conventional Generator 1: Pg = 105.0 MW
2 0 0.0 0.05 0.0 0.0 1 0.0 0.0 0.0 0.0 0.0 0.0
Conventional Generator 2: Pg = 0.0 MW
3 1 0.13 0.14 0.13 14.000000000000002 1 0.0 0.27785 0.0 0.0 0.0 0.17785
Conventional Generator 3: Pg = 14.000000000000002 MW
4 0 0.0 0.12 0.0 0.0 0 0.0 0.0 0.0 0.0 0.0 0.0
Conventional Generator 4: Pg = 0.0 MW
5 1 0.603 1.65 0.5 52.603634 1 0.0 0.0 0.61155112 0.0 0.0 0.037587463
Conventional Generator 5: Pg = 52.603634 MW
6 1 0.4493 0.45 0.05 30.181365999999997 1 0.0 0.042076197 0.0 0.0 0.0 0.090262537
Conventional Generator 6: Pg = 30.181365999999997 MW
7 1 0.3641 0.45 0.05 36.41 0 0.0 0.1141 0.0 0.0 0.0 0.0
Conventional Generator 7: Pg = 36.41 MW
8 1 0.1906 0.1906 0.1906 3711.9999999999995 0 0 0 0 0 0 0
Solar Generator 8: Pg = 37.12 MW
9 1 0.20495000000000002 0.20495000000000002 0.20495000000000002 3999.0 0 0 0 0 0 0 0
Wind Generator 9: Pg = 39.99 MW
Total Renewable Generation: 77.11 MW
Total Regulation Reserve Shortage: 0.0 MW
Total Spinning Reserve Shortage: 0.0 MW
Total Primary Reserve Shortage: 0.0 MW

*************** Load Shedding ************
Total Shedded Load: 0.0 MW

**************** Interface ***********
In total, there are 0 interfaces that are violated

****************** Load ******************
index loadBusNumber loadID load_IsInSvc Pload Pd_served Pd_shedded
1 1 1 1 19.881911644951142 19.881912 0.0
2 3 1 1 13.626383346905541 13.626383 0.0
3 5 1 1 19.881911644951142 19.881912 0.0
4 6 1 1 13.626383346905541 13.626383 0.0
5 8 1 1 22.79145969055375 22.79146 0.0
6 8 2 1 23.78555527280131 23.785555 0.0
7 8 3 1 12.098870622964172 12.098870999999999 0.0
8 8 4 1 17.857351129886 17.857350999999998 0.0
9 9 1 1 58.62739311889252 58.627393000000005 0.0
10 10 1 1 36.01778018118893 36.01778 0.0

**************** Generator Cost ******************
Index genIdx segmentIdx segmentBreadth segmentPrice Pgi
1 1 1 0.5 9.39 0.5
2 1 2 3.5000000000000004 9.52 3.5000000000000004
3 1 3 101.0 9.64 101.0
4 2 1 5.0 0.0 0.0
5 3 1 10.0 1.0 10.0
6 3 2 4.0 1.01 4.0
7 5 1 20.3 18.58 20.3
8 5 2 10.0 21.36 10.0
9 5 3 134.6 22.09 22.303634
10 6 1 10.93 22.09 10.93
11 6 2 30.0 22.19 19.251366

****************** Branch  Pkc******************
indexCtgcy ctgcyValid brcIdx brc_IsInSvcOrig pkc rateC
2 1 1 1 10.23425 99999.0
2 1 2 1 6.293837900000001 99999.0
2 1 3 1 6.0984472 99999.0
2 1 4 1 -0.4548169 99999.0
2 1 5 1 4.5906201 99999.0
2 1 6 1 -7.527936100000001 99999.0
2 1 7 1 20.859899000000002 99999.0
2 1 8 1 -28.817087 99999.0
2 1 9 1 -0.025564434999999996 99999.0
2 1 10 1 11.862445000000001 99999.0
2 1 11 1 -1.7639383000000002 99999.0
2 1 12 1 0.0 99999.0
2 1 13 1 0.0 99999.0
2 1 14 1 76.533237 289.0
2 1 15 1 54.649676 99999.0
2 1 16 1 37.781718 980.0000000000001
2 1 17 1 0.0 980.0000000000001
2 1 18 1 1.7639383000000002 19.5
2 1 19 1 0.0 980.0000000000001
2 1 20 1 -11.155112 980.0000000000001

****************** Generator Pgc ******************
indexCtgcy ctgcyValid genIdx gen_IsInSvc pgc
2 1 1 1 160.0
2 1 2 0 0.0
2 1 3 1 41.785
2 1 4 0 0.0
2 1 5 1 -11.155112
2 1 6 1 11.155112
2 1 7 1 36.41
2 1 8 1 0.0
2 1 9 1 0.0

****************** Bus ******************
index busNumber busAngle
1 1 0.021893519
2 2 0.014856875
3 3 0.0
4 4 0.010470071
5 5 0.011553743
6 6 0.051674934
7 7 0.019360809
8 8 -0.11545249
9 9 -0.0072784016
10 10 -0.021827426
11 11 0.014281734
12 12 0.079170113
13 13 0.10065378
14 14 0.085837152

****************** Branch ******************
index lineflow rateA slackVar
1 0.11892249 0.15 0.0
2 0.04635839 999.99 0.0
3 0.075046091 999.99 0.0
4 0.024879787 999.99 0.0
5 0.018996615 999.99 0.0
6 -0.061217743 999.99 0.0
7 -0.02573433 999.99 0.0
8 -0.042515007 999.99 0.0
9 0.031911381 999.99 0.0
10 -0.15919844 999.99 0.0
11 0.188 999.99 0.0
12 -0.10748282 999.99 0.0
13 -0.37597946 999.99 0.0
14 0.76533237 2.89 0.0
15 0.24215263 999.99 0.0
16 0.1721778 7.38 0.0
17 -0.34438773 7.38 0.0
18 -0.188 0.188 0.0
19 -0.10748282 7.38 0.0
20 0.042574066 7.38 0.0

*************** Contingency Results ************
Contingency 2: Total Shedded Load = 0.0 MW
End of scenario results.
