****************** Summary for reduced_scenario_21 ******************
Scenario: reduced_scenario_21
Objective value is: 33495.39390976

################## The following info is mainly for violations ##############

**************** Generator ******************
Index PgInSvc Pg_init Pgmax Pgmin Pg hasCostCurvData srReq_slack pgmax_slack pgmin_slack energyRampUp_Slack energyRampDown_Slack spinRampSlack
1 1 0.44 1.05 0.38 97.82 1 0.0 0.4782 0.0 0.3582 0.0 0.0
Conventional Generator 1: Pg = 97.82 MW
2 0 0.0 0.05 0.0 0.0 1 0.0 0.0 0.0 0.0 0.0 0.0
Conventional Generator 2: Pg = 0.0 MW
3 1 0.13 0.14 0.13 14.000000000000002 1 0.0 0.1 0.0 0.0 0.0 0.0
Conventional Generator 3: Pg = 14.000000000000002 MW
4 0 0.0 0.12 0.0 0.0 0 0.0 0.0 0.0 0.0 0.0 0.0
Conventional Generator 4: Pg = 0.0 MW
5 1 0.603 1.65 0.5 47.176824 1 0.0 0.0 0.57823176 0.0 0.0 0.0
Conventional Generator 5: Pg = 47.176824 MW
6 1 0.4493 0.45 0.05 17.823176 1 0.0 0.0 0.0 0.0 0.0 0.0
Conventional Generator 6: Pg = 17.823176 MW
7 1 0.3641 0.45 0.05 36.41 0 0.0 0.1141 0.0 0.0 0.0 0.0
Conventional Generator 7: Pg = 36.41 MW
8 1 0.07195 0.07195 0.07195 1339.0 0 0 0 0 0 0 0
Solar Generator 8: Pg = 13.39 MW
9 1 0.07395 0.07395 0.07395 1379.0 0 0 0 0 0 0 0
Wind Generator 9: Pg = 13.79 MW
Total Renewable Generation: 27.18 MW
Total Regulation Reserve Shortage: 0.0 MW
Total Spinning Reserve Shortage: 0.0 MW
Total Primary Reserve Shortage: 0.0 MW

*************** Load Shedding ************
Total Shedded Load: 0.0 MW

**************** Interface ***********
In total, there are 0 interfaces that are violated

****************** Load ******************
index loadBusNumber loadID load_IsInSvc Pload Pd_served Pd_shedded
1 1 1 1 17.79810667752443 17.798106999999998 0.0
2 3 1 1 12.198214576547233 12.198215 0.0
3 5 1 1 17.79810667752443 17.798106999999998 0.0
4 6 1 1 12.198214576547233 12.198215 0.0
5 8 1 1 20.40270765472313 20.402708 0.0
6 8 2 1 21.292612988599355 21.292613 0.0
7 8 3 1 10.830799063517917 10.830799 0.0
8 8 4 1 15.985738497557008 15.985738 0.0
9 9 1 1 52.482709690553754 52.48271 0.0
10 10 1 1 32.242789596905546 32.24279 0.0

**************** Generator Cost ******************
Index genIdx segmentIdx segmentBreadth segmentPrice Pgi
1 1 1 0.5 9.39 0.5
2 1 2 3.5000000000000004 9.52 3.5000000000000004
3 1 3 101.0 9.64 93.82000000000001
4 2 1 5.0 0.0 0.0
5 3 1 10.0 1.0 10.0
6 3 2 4.0 1.01 4.0
7 5 1 20.3 18.58 20.3
8 5 2 10.0 21.36 10.0
9 5 3 134.6 22.09 16.876824000000003
10 6 1 10.93 22.09 10.93
11 6 2 30.0 22.19 6.8931755

****************** Branch  Pkc******************
indexCtgcy ctgcyValid brcIdx brc_IsInSvcOrig pkc rateC
2 1 1 1 11.620913 99999.0
2 1 2 1 6.9909808 99999.0
2 1 3 1 5.9623144 99999.0
2 1 4 1 0.6456067200000001 99999.0
2 1 5 1 5.0129914 99999.0
2 1 6 1 -6.2359002 99999.0
2 1 7 1 17.996333 99999.0
2 1 8 1 -25.583106 99999.0
2 1 9 1 1.9964796999999999 99999.0
2 1 10 1 12.202198000000001 99999.0
2 1 11 1 0.0039837985 99999.0
2 1 12 1 0.0 99999.0
2 1 13 1 0.0 99999.0
2 1 14 1 68.511858 289.0
2 1 15 1 58.725035999999996 99999.0
2 1 16 1 32.238806 980.0000000000001
2 1 17 1 0.0 980.0000000000001
2 1 18 1 -0.0039837985 19.5
2 1 19 1 0.0 980.0000000000001
2 1 20 1 -7.8231755 980.0000000000001

****************** Generator Pgc ******************
indexCtgcy ctgcyValid genIdx gen_IsInSvc pgc
2 1 1 1 152.82
2 1 2 0 0.0
2 1 3 1 24.0
2 1 4 0 0.0
2 1 5 1 -7.8231755
2 1 6 1 7.8231755
2 1 7 1 36.41
2 1 8 1 0.0
2 1 9 1 0.0

****************** Bus ******************
index busNumber busAngle
1 1 0.02189912
2 2 0.014184104
3 3 0.0
4 4 0.0086086922
5 5 0.0094687316
6 6 0.038590777
7 7 0.016084341
8 8 -0.1045993
9 9 -0.012224894
10 10 -0.025597168
11 11 0.0059361434
12 12 0.061436748
13 13 0.079287703
14 14 0.054907002

****************** Branch ******************
index lineflow rateA slackVar
1 0.13038728 0.15 0.0
2 0.055731654 999.99 0.0
3 0.071647747 999.99 0.0
4 0.031620986 999.99 0.0
5 0.027118546 999.99 0.0
6 -0.050334399 999.99 0.0
7 -0.020423637 999.99 0.0
8 -0.035748129 999.99 0.0
9 0.037458352 999.99 0.0
10 -0.1155545 999.99 0.0
11 0.16417614 999.99 0.0
12 -0.089308357 999.99 0.0
13 -0.31240443 999.99 0.0
14 0.68511858 2.89 0.0
15 0.25733329 999.99 0.0
16 0.15825176 7.38 0.0
17 -0.24828721 7.38 0.0
18 -0.16417614 0.188 0.0
19 -0.089308357 7.38 0.0
20 0.070055457 7.38 0.0

*************** Contingency Results ************
Contingency 2: Total Shedded Load = 0.0 MW
End of scenario results.
