****************** Summary for reduced_scenario_11 ******************
Scenario: reduced_scenario_11
Objective value is: 25877.201938619997

################## The following info is mainly for violations ##############

**************** Generator ******************
Index PgInSvc Pg_init Pgmax Pgmin Pg hasCostCurvData srReq_slack pgmax_slack pgmin_slack energyRampUp_Slack energyRampDown_Slack spinRampSlack
1 1 0.44 1.05 0.38 89.025 1 0.0 0.39025 0.0 0.27025 0.0 0.0
Conventional Generator 1: Pg = 89.025 MW
2 0 0.0 0.05 0.0 0.0 1 0.0 0.0 0.0 0.0 0.0 0.0
Conventional Generator 2: Pg = 0.0 MW
3 1 0.13 0.14 0.13 14.000000000000002 1 0.0 0.1 0.0 0.0 0.0 0.0
Conventional Generator 3: Pg = 14.000000000000002 MW
4 0 0.0 0.12 0.0 0.0 0 0.0 0.0 0.0 0.0 0.0 0.0
Conventional Generator 4: Pg = 0.0 MW
5 1 0.603 1.65 0.5 47.731086 1 0.0 0.0 0.57268914 0.0 0.0 0.0
Conventional Generator 5: Pg = 47.731086 MW
6 1 0.4493 0.45 0.05 17.268914 1 0.0 0.0 0.0 0.0 0.0 0.0
Conventional Generator 6: Pg = 17.268914 MW
7 1 0.3641 0.45 0.05 36.41 0 0.0 0.1141 0.0 0.0 0.0 0.0
Conventional Generator 7: Pg = 36.41 MW
8 1 0.0227 0.0227 0.0227 354.0 0 0 0 0 0 0 0
Solar Generator 8: Pg = 3.54 MW
9 1 0.03525 0.03525 0.03525 605.0 0 0 0 0 0 0 0
Wind Generator 9: Pg = 6.05 MW
Total Renewable Generation: 9.59 MW
Total Regulation Reserve Shortage: 0.0 MW
Total Spinning Reserve Shortage: 0.0 MW
Total Primary Reserve Shortage: 0.0 MW

*************** Load Shedding ************
Total Shedded Load: 0.0 MW

**************** Interface ***********
In total, there are 0 interfaces that are violated

****************** Load ******************
index loadBusNumber loadID load_IsInSvc Pload Pd_served Pd_shedded
1 1 1 1 17.063996335504886 17.063996 0.0
2 3 1 1 11.695080415309448 11.695079999999999 0.0
3 5 1 1 17.063996335504886 17.063996 0.0
4 6 1 1 11.695080415309448 11.695079999999999 0.0
5 8 1 1 19.561166530944625 19.561166999999998 0.0
6 8 2 1 20.414366347719874 20.414366 0.0
7 8 3 1 10.384066062703583 10.384066 0.0
8 8 4 1 15.326382074511402 15.326381999999999 0.0
9 9 1 1 50.31797943811075 50.317979 0.0
10 10 1 1 30.91288604438111 30.912886 0.0

**************** Generator Cost ******************
Index genIdx segmentIdx segmentBreadth segmentPrice Pgi
1 1 1 0.5 9.39 0.5
2 1 2 3.5000000000000004 9.52 3.5000000000000004
3 1 3 101.0 9.64 85.02499999999999
4 2 1 5.0 0.0 0.0
5 3 1 10.0 1.0 10.0
6 3 2 4.0 1.01 4.0
7 5 1 20.3 18.58 20.3
8 5 2 10.0 21.36 10.0
9 5 3 134.6 22.09 17.431086
10 6 1 10.93 22.09 10.93
11 6 2 30.0 22.19 6.338914399999999

****************** Branch  Pkc******************
indexCtgcy ctgcyValid brcIdx brc_IsInSvcOrig pkc rateC
2 1 1 1 12.136487 99999.0
2 1 2 1 7.209516300000001 99999.0
2 1 3 1 5.9373082 99999.0
2 1 4 1 1.0813131999999999 99999.0
2 1 5 1 5.117866 99999.0
2 1 6 1 -5.7577722 99999.0
2 1 7 1 16.60502 99999.0
2 1 8 1 -23.368188 99999.0
2 1 9 1 2.0867086 99999.0
2 1 10 1 11.868406 99999.0
2 1 11 1 0.17332596 99999.0
2 1 12 1 0.0 99999.0
2 1 13 1 0.0 99999.0
2 1 14 1 65.685981 289.0
2 1 15 1 54.970831 99999.0
2 1 16 1 30.739559999999997 980.0000000000001
2 1 17 1 0.0 980.0000000000001
2 1 18 1 -0.17332596 19.5
2 1 19 1 0.0 980.0000000000001
2 1 20 1 -7.2689144 980.0000000000001

****************** Generator Pgc ******************
indexCtgcy ctgcyValid genIdx gen_IsInSvc pgc
2 1 1 1 144.025
2 1 2 0 0.0
2 1 3 1 24.0
2 1 4 0 0.0
2 1 5 1 -7.2689144
2 1 6 1 7.2689144
2 1 7 1 36.41
2 1 8 1 0.0
2 1 9 1 0.0

****************** Bus ******************
index busNumber busAngle
1 1 0.022154681
2 2 0.0141346
3 3 0.0
4 4 0.0077909499
5 5 0.0092368709
6 6 0.039200139
7 7 0.010634762
8 8 -0.10507109
9 9 -0.013544472
10 10 -0.025649883
11 11 0.0062086837
12 12 0.06204611
13 13 0.079897065
14 14 0.053587425

****************** Branch ******************
index lineflow rateA slackVar
1 0.13554303 0.15 0.0
2 0.057917009 999.99 0.0
3 0.071397685 999.99 0.0
4 0.03597805 999.99 0.0
5 0.028167292 999.99 0.0
6 -0.045553119 999.99 0.0
7 -0.034336761 999.99 0.0
8 -0.01359895 999.99 0.0
9 0.038360642 999.99 0.0
10 -0.11889242 999.99 0.0
11 0.16586956 999.99 0.0
12 -0.089308357 999.99 0.0
13 -0.31240443 999.99 0.0
14 0.65685981 2.89 0.0
15 0.21979124 999.99 0.0
16 0.1432593 7.38 0.0
17 -0.24828721 7.38 0.0
18 -0.16586956 0.188 0.0
19 -0.089308357 7.38 0.0
20 0.075598069 7.38 0.0

*************** Contingency Results ************
Contingency 2: Total Shedded Load = 0.0 MW
End of scenario results.
