****************** Summary for reduced_scenario_4 ******************
Scenario: reduced_scenario_4
Objective value is: 38693.010134259996

################## The following info is mainly for violations ##############

**************** Generator ******************
Index PgInSvc Pg_init Pgmax Pgmin Pg hasCostCurvData srReq_slack pgmax_slack pgmin_slack energyRampUp_Slack energyRampDown_Slack spinRampSlack
1 1 0.44 1.05 0.38 101.905 1 0.0 0.51905 0.0 0.39905 0.0 0.0
Conventional Generator 1: Pg = 101.905 MW
2 0 0.0 0.05 0.0 0.0 1 0.0 0.0 0.0 0.0 0.0 0.0
Conventional Generator 2: Pg = 0.0 MW
3 1 0.13 0.14 0.13 14.000000000000002 1 0.0 0.11905 0.0 0.0 0.0 0.01905
Conventional Generator 3: Pg = 14.000000000000002 MW
4 0 0.0 0.12 0.0 0.0 0 0.0 0.0 0.0 0.0 0.0 0.0
Conventional Generator 4: Pg = 0.0 MW
5 1 0.603 1.65 0.5 48.515962 1 0.0 0.0 0.58389038 0.0 0.0 0.0
Conventional Generator 5: Pg = 48.515962 MW
6 1 0.4493 0.45 0.05 18.389038 1 0.0 0.0 0.0 0.0 0.0 0.0
Conventional Generator 6: Pg = 18.389038 MW
7 1 0.3641 0.45 0.05 36.41 0 0.0 0.1141 0.0 0.0 0.0 0.0
Conventional Generator 7: Pg = 36.41 MW
8 1 0.0646 0.0646 0.0646 1192.0 0 0 0 0 0 0 0
Solar Generator 8: Pg = 11.92 MW
9 1 0.1412 0.1412 0.1412 2724.0 0 0 0 0 0 0 0
Wind Generator 9: Pg = 27.24 MW
Total Renewable Generation: 39.16 MW
Total Regulation Reserve Shortage: 0.0 MW
Total Spinning Reserve Shortage: 0.0 MW
Total Primary Reserve Shortage: 0.0 MW

*************** Load Shedding ************
Total Shedded Load: 0.0 MW

**************** Interface ***********
In total, there are 0 interfaces that are violated

****************** Load ******************
index loadBusNumber loadID load_IsInSvc Pload Pd_served Pd_shedded
1 1 1 1 18.29808631921824 18.298085999999998 0.0
2 3 1 1 12.540883550488601 12.540884 0.0
3 5 1 1 18.29808631921824 18.298085999999998 0.0
4 6 1 1 12.540883550488601 12.540884 0.0
5 8 1 1 20.975855048859938 20.975855 0.0
6 8 2 1 21.89075936482085 21.890759000000003 0.0
7 8 3 1 11.135054967426711 11.135055000000001 0.0
8 8 4 1 16.434805578175897 16.434806 0.0
9 9 1 1 53.95703990228014 53.95704 0.0
10 10 1 1 33.14854539902281 33.148545 0.0

**************** Generator Cost ******************
Index genIdx segmentIdx segmentBreadth segmentPrice Pgi
1 1 1 0.5 9.39 0.5
2 1 2 3.5000000000000004 9.52 3.5000000000000004
3 1 3 101.0 9.64 97.905
4 2 1 5.0 0.0 0.0
5 3 1 10.0 1.0 10.0
6 3 2 4.0 1.01 4.0
7 5 1 20.3 18.58 20.3
8 5 2 10.0 21.36 10.0
9 5 3 134.6 22.09 18.215962
10 6 1 10.93 22.09 10.93
11 6 2 30.0 22.19 7.4590384

****************** Branch  Pkc******************
indexCtgcy ctgcyValid brcIdx brc_IsInSvcOrig pkc rateC
2 1 1 1 11.277999 99999.0
2 1 2 1 6.8339146 99999.0
2 1 3 1 5.9863238999999995 99999.0
2 1 4 1 0.36346533 99999.0
2 1 5 1 4.9282098 99999.0
2 1 6 1 -6.5545596 99999.0
2 1 7 1 18.827616 99999.0
2 1 8 1 -26.764585 99999.0
2 1 9 1 1.7458745000000002 99999.0
2 1 10 1 12.291654000000001 99999.0
2 1 11 1 -0.24922932 99999.0
2 1 12 1 0.0 99999.0
2 1 13 1 0.0 99999.0
2 1 14 1 70.436475 289.0
2 1 15 1 59.70394 99999.0
2 1 16 1 33.397775 980.0000000000001
2 1 17 1 0.0 980.0000000000001
2 1 18 1 0.24922932 19.5
2 1 19 1 0.0 980.0000000000001
2 1 20 1 -8.3890384 980.0000000000001

****************** Generator Pgc ******************
indexCtgcy ctgcyValid genIdx gen_IsInSvc pgc
2 1 1 1 156.905
2 1 2 0 0.0
2 1 3 1 25.905
2 1 4 0 0.0
2 1 5 1 -8.3890384
2 1 6 1 8.3890384
2 1 7 1 36.41
2 1 8 1 0.0
2 1 9 1 0.0

****************** Bus ******************
index busNumber busAngle
1 1 0.021825523
2 2 0.014292101
3 3 0.0
4 4 0.0091014585
5 5 0.009825778
6 6 0.040243183
7 7 0.018245976
8 8 -0.10582787
9 9 -0.01156197
10 10 -0.025387738
11 11 0.0068544574
12 12 0.063786247
13 13 0.082181883
14 14 0.057406522

****************** Branch ******************
index lineflow rateA slackVar
1 0.12731827 0.15 0.0
2 0.053800867 999.99 0.0
3 0.072193268 999.99 0.0
4 0.029438763 999.99 0.0
5 0.025686239 999.99 0.0
6 -0.053215568 999.99 0.0
7 -0.017200652 999.99 0.0
8 -0.043728563 999.99 0.0
9 0.037152411 999.99 0.0
10 -0.12069441 999.99 0.0
11 0.1678669 999.99 0.0
12 -0.092033399 999.99 0.0
13 -0.32193674 999.99 0.0
14 0.70436475 2.89 0.0
15 0.27095669 999.99 0.0
16 0.16361856 7.38 0.0
17 -0.25507986 7.38 0.0
18 -0.1678669 0.188 0.0
19 -0.092033399 7.38 0.0
20 0.071189473 7.38 0.0

*************** Contingency Results ************
Contingency 2: Total Shedded Load = 0.0 MW
End of scenario results.
