****************** Summary for reduced_scenario_14 ******************
Scenario: reduced_scenario_14
Objective value is: 65503.7340649

################## The following info is mainly for violations ##############

**************** Generator ******************
Index PgInSvc Pg_init Pgmax Pgmin Pg hasCostCurvData srReq_slack pgmax_slack pgmin_slack energyRampUp_Slack energyRampDown_Slack spinRampSlack
1 1 0.44 1.05 0.38 105.0 1 0.0 0.55 0.0 0.43 0.0 0.0
Conventional Generator 1: Pg = 105.0 MW
2 0 0.0 0.05 0.0 0.0 1 0.0 0.0 0.0 0.0 0.0 0.0
Conventional Generator 2: Pg = 0.0 MW
3 1 0.13 0.14 0.13 14.000000000000002 1 0.0 0.2747 0.0 0.0 0.0 0.1747
Conventional Generator 3: Pg = 14.000000000000002 MW
4 0 0.0 0.12 0.0 0.0 0 0.0 0.0 0.0 0.0 0.0 0.0
Conventional Generator 4: Pg = 0.0 MW
5 1 0.603 1.65 0.5 52.742351 1 0.0 0.0 0.61104113 0.0 0.0 0.038464632
Conventional Generator 5: Pg = 52.742351 MW
6 1 0.4493 0.45 0.05 29.727649 1 0.0 0.033511863 0.0 0.0 0.0 0.086235368
Conventional Generator 6: Pg = 29.727649 MW
7 1 0.3641 0.45 0.05 36.41 0 0.0 0.1141 0.0 0.0 0.0 0.0
Conventional Generator 7: Pg = 36.41 MW
8 1 0.08474999999999999 0.08474999999999999 0.08474999999999999 1595.0 0 0 0 0 0 0 0
Solar Generator 8: Pg = 15.95 MW
9 1 0.30765 0.30765 0.30765 6053.0 0 0 0 0 0 0 0
Wind Generator 9: Pg = 60.53 MW
Total Renewable Generation: 76.48 MW
Total Regulation Reserve Shortage: 0.0 MW
Total Spinning Reserve Shortage: 0.0 MW
Total Primary Reserve Shortage: 0.0 MW

*************** Load Shedding ************
Total Shedded Load: 0.0 MW

**************** Interface ***********
In total, there are 0 interfaces that are violated

****************** Load ******************
index loadBusNumber loadID load_IsInSvc Pload Pd_served Pd_shedded
1 1 1 1 19.855618892508144 19.855619 0.0
2 3 1 1 13.60836319218241 13.608363 0.0
3 5 1 1 19.855618892508144 19.855619 0.0
4 6 1 1 13.60836319218241 13.608363 0.0
5 8 1 1 22.761319218241045 22.761319 0.0
6 8 2 1 23.75410016286645 23.7541 0.0
7 8 3 1 12.082870521172639 12.082871 0.0
8 8 4 1 17.83373574918567 17.833736000000002 0.0
9 9 1 1 58.549861563517915 58.549862 0.0
10 10 1 1 35.97014861563518 35.970149 0.0

**************** Generator Cost ******************
Index genIdx segmentIdx segmentBreadth segmentPrice Pgi
1 1 1 0.5 9.39 0.5
2 1 2 3.5000000000000004 9.52 3.5000000000000004
3 1 3 101.0 9.64 101.0
4 2 1 5.0 0.0 0.0
5 3 1 10.0 1.0 10.0
6 3 2 4.0 1.01 4.0
7 5 1 20.3 18.58 20.3
8 5 2 10.0 21.36 10.0
9 5 3 134.6 22.09 22.442351
10 6 1 10.93 22.09 10.93
11 6 2 30.0 22.19 18.797649

****************** Branch  Pkc******************
indexCtgcy ctgcyValid brcIdx brc_IsInSvcOrig pkc rateC
2 1 1 1 10.251356000000001 99999.0
2 1 2 1 6.303025600000001 99999.0
2 1 3 1 6.096397700000001 99999.0
2 1 4 1 -0.44162665999999995 99999.0
2 1 5 1 4.5965845 99999.0
2 1 6 1 -7.5119655 99999.0
2 1 7 1 20.829297999999998 99999.0
2 1 8 1 -28.791833999999998 99999.0
2 1 9 1 0.0089444678 99999.0
2 1 10 1 11.873289 99999.0
2 1 11 1 -1.7350742 99999.0
2 1 12 1 0.0 99999.0
2 1 13 1 0.0 99999.0
2 1 14 1 76.432026 289.0
2 1 15 1 54.77614 99999.0
2 1 16 1 37.705223 980.0000000000001
2 1 17 1 0.0 980.0000000000001
2 1 18 1 1.7350742 19.5
2 1 19 1 0.0 980.0000000000001
2 1 20 1 -11.104113 980.0000000000001

****************** Generator Pgc ******************
indexCtgcy ctgcyValid genIdx gen_IsInSvc pgc
2 1 1 1 160.0
2 1 2 0 0.0
2 1 3 1 41.47
2 1 4 0 0.0
2 1 5 1 -11.104113
2 1 6 1 11.104113
2 1 7 1 36.41
2 1 8 1 0.0
2 1 9 1 0.0

****************** Bus ******************
index busNumber busAngle
1 1 0.021895789
2 2 0.014850012
3 3 0.0
4 4 0.010445179
5 5 0.011531796
6 6 0.051555117
7 7 0.019320301
8 8 -0.11531471
9 9 -0.0074384669
10 10 -0.021947243
11 11 0.014161917
12 12 0.079017963
13 13 0.10047636
14 14 0.084979112

****************** Branch ******************
index lineflow rateA slackVar
1 0.11907684 0.15 0.0
2 0.046466971 999.99 0.0
3 0.075011428 999.99 0.0
4 0.024982041 999.99 0.0
5 0.019083371 999.99 0.0
6 -0.061072203 999.99 0.0
7 -0.025804252 999.99 0.0
8 -0.042440331 999.99 0.0
9 0.032154421 999.99 0.0
10 -0.1588101 999.99 0.0
11 0.188 999.99 0.0
12 -0.10735642 999.99 0.0
13 -0.37553731 999.99 0.0
14 0.76432026 2.89 0.0
15 0.24323941 999.99 0.0
16 0.17170149 7.38 0.0
17 -0.34180627 7.38 0.0
18 -0.188 0.188 0.0
19 -0.10735642 7.38 0.0
20 0.044529773 7.38 0.0

*************** Contingency Results ************
Contingency 2: Total Shedded Load = 0.0 MW
End of scenario results.
