****************** Summary for reduced_scenario_25 ******************
Scenario: reduced_scenario_25
Objective value is: 30706.243470610003

################## The following info is mainly for violations ##############

**************** Generator ******************
Index PgInSvc Pg_init Pgmax Pgmin Pg hasCostCurvData srReq_slack pgmax_slack pgmin_slack energyRampUp_Slack energyRampDown_Slack spinRampSlack
1 1 0.44 1.05 0.38 94.6 1 0.0 0.446 0.0 0.326 0.0 0.0
Conventional Generator 1: Pg = 94.6 MW
2 0 0.0 0.05 0.0 0.0 1 0.0 0.0 0.0 0.0 0.0 0.0
Conventional Generator 2: Pg = 0.0 MW
3 1 0.13 0.14 0.13 14.000000000000002 1 0.0 0.1 0.0 0.0 0.0 0.0
Conventional Generator 3: Pg = 14.000000000000002 MW
4 0 0.0 0.12 0.0 0.0 0 0.0 0.0 0.0 0.0 0.0 0.0
Conventional Generator 4: Pg = 0.0 MW
5 1 0.603 1.65 0.5 47.379749 1 0.0 0.0 0.57620251 0.0 0.0 0.0
Conventional Generator 5: Pg = 47.379749 MW
6 1 0.4493 0.45 0.05 17.620251 1 0.0 0.0 0.0 0.0 0.0 0.0
Conventional Generator 6: Pg = 17.620251 MW
7 1 0.3641 0.45 0.05 36.41 0 0.0 0.1141 0.0 0.0 0.0 0.0
Conventional Generator 7: Pg = 36.41 MW
8 1 0.023049999999999998 0.023049999999999998 0.023049999999999998 361.0 0 0 0 0 0 0 0
Solar Generator 8: Pg = 3.61 MW
9 1 0.09065 0.09065 0.09065 1713.0 0 0 0 0 0 0 0
Wind Generator 9: Pg = 17.13 MW
Total Renewable Generation: 20.74 MW
Total Regulation Reserve Shortage: 0.0 MW
Total Spinning Reserve Shortage: 0.0 MW
Total Primary Reserve Shortage: 0.0 MW

*************** Load Shedding ************
Total Shedded Load: 0.0 MW

**************** Interface ***********
In total, there are 0 interfaces that are violated

****************** Load ******************
index loadBusNumber loadID load_IsInSvc Pload Pd_served Pd_shedded
1 1 1 1 17.529336319218242 17.529336 0.0
2 3 1 1 12.014008550488601 12.014009 0.0
3 5 1 1 17.529336319218242 17.529336 0.0
4 6 1 1 12.014008550488601 12.014009 0.0
5 8 1 1 20.094605048859936 20.094604999999998 0.0
6 8 2 1 20.97107186482085 20.971072 0.0
7 8 3 1 10.667242467426712 10.667242 0.0
8 8 4 1 15.744336828175898 15.744337 0.0
9 9 1 1 51.69016490228013 51.690165 0.0
10 10 1 1 31.75588914902281 31.755889 0.0

**************** Generator Cost ******************
Index genIdx segmentIdx segmentBreadth segmentPrice Pgi
1 1 1 0.5 9.39 0.5
2 1 2 3.5000000000000004 9.52 3.5000000000000004
3 1 3 101.0 9.64 90.60000000000001
4 2 1 5.0 0.0 0.0
5 3 1 10.0 1.0 10.0
6 3 2 4.0 1.01 4.0
7 5 1 20.3 18.58 20.3
8 5 2 10.0 21.36 10.0
9 5 3 134.6 22.09 17.079749
10 6 1 10.93 22.09 10.93
11 6 2 30.0 22.19 6.690251

****************** Branch  Pkc******************
indexCtgcy ctgcyValid brcIdx brc_IsInSvcOrig pkc rateC
2 1 1 1 11.809673 99999.0
2 1 2 1 7.0709903 99999.0
2 1 3 1 5.9531592 99999.0
2 1 4 1 0.8051263 99999.0
2 1 5 1 5.0513878 99999.0
2 1 6 1 -6.0608493 99999.0
2 1 7 1 17.48695 99999.0
2 1 8 1 -24.772187000000002 99999.0
2 1 9 1 2.029514 99999.0
2 1 10 1 12.079991 99999.0
2 1 11 1 0.065982862 99999.0
2 1 12 1 0.0 99999.0
2 1 13 1 0.0 99999.0
2 1 14 1 67.477256 289.0
2 1 15 1 57.350557 99999.0
2 1 16 1 31.689906 980.0000000000001
2 1 17 1 0.0 980.0000000000001
2 1 18 1 -0.065982862 19.5
2 1 19 1 0.0 980.0000000000001
2 1 20 1 -7.620251 980.0000000000001

****************** Generator Pgc ******************
indexCtgcy ctgcyValid genIdx gen_IsInSvc pgc
2 1 1 1 149.6
2 1 2 0 0.0
2 1 3 1 24.0
2 1 4 0 0.0
2 1 5 1 -7.620251
2 1 6 1 7.620251
2 1 7 1 36.41
2 1 8 1 0.0
2 1 9 1 0.0

****************** Bus ******************
index busNumber busAngle
1 1 0.021992685
2 2 0.01416598
3 3 0.0
4 4 0.0083093028
5 5 0.0093838434
6 6 0.038813875
7 7 0.014089157
8 8 -0.10477203
9 9 -0.012708014
10 10 -0.025616468
11 11 0.0060359251
12 12 0.061659846
13 13 0.0795108
14 14 0.054423882

****************** Branch ******************
index lineflow rateA slackVar
1 0.13227489 0.15 0.0
2 0.05653175 999.99 0.0
3 0.071556195 999.99 0.0
4 0.033216182 999.99 0.0
5 0.02750251 999.99 0.0
6 -0.048583891 999.99 0.0
7 -0.02551747 999.99 0.0
8 -0.027638935 999.99 0.0
9 0.037788696 999.99 0.0
10 -0.11677657 999.99 0.0
11 0.16479613 999.99 0.0
12 -0.089308357 999.99 0.0
13 -0.31240443 999.99 0.0
14 0.67477256 2.89 0.0
15 0.2435885 999.99 0.0
16 0.15276276 7.38 0.0
17 -0.24828721 7.38 0.0
18 -0.16479613 0.188 0.0
19 -0.089308357 7.38 0.0
20 0.072084702 7.38 0.0

*************** Contingency Results ************
Contingency 2: Total Shedded Load = 0.0 MW
End of scenario results.
