****************** Summary for newscenario ******************
Scenario: newscenario
Objective value is: 32923.70470458

################## The following info is mainly for violations ##############

**************** Generator ******************
Index PgInSvc Pg_init Pgmax Pgmin Pg hasCostCurvData srReq_slack pgmax_slack pgmin_slack energyRampUp_Slack energyRampDown_Slack spinRampSlack
1 1 0.44 1.05 0.38 97.16 1 0.0 0.4716 0.0 0.3516 0.0 0.0
Conventional Generator 1: Pg = 97.16 MW
2 0 0.0 0.05 0.0 0.0 1 0.0 0.0 0.0 0.0 0.0 0.0
Conventional Generator 2: Pg = 0.0 MW
3 1 0.13 0.14 0.13 14.000000000000002 1 0.0 0.1 0.0 0.0 0.0 0.0
Conventional Generator 3: Pg = 14.000000000000002 MW
4 0 0.0 0.12 0.0 0.0 0 0.0 0.0 0.0 0.0 0.0 0.0
Conventional Generator 4: Pg = 0.0 MW
5 1 0.603 1.65 0.5 47.218418 1 0.0 0.0 0.57781582 0.0 0.0 0.0
Conventional Generator 5: Pg = 47.218418 MW
6 1 0.4493 0.45 0.05 17.781582 1 0.0 0.0 0.0 0.0 0.0 0.0
Conventional Generator 6: Pg = 17.781582 MW
7 1 0.3641 0.45 0.05 36.41 0 0.0 0.1141 0.0 0.0 0.0 0.0
Conventional Generator 7: Pg = 36.41 MW
8 1 0.054450000000000005 0.054450000000000005 0.054450000000000005 989.0 0 0 0 0 0 0 0
Solar Generator 8: Pg = 9.89 MW
9 1 0.08485 0.08485 0.08485 1597.0 0 0 0 0 0 0 0
Wind Generator 9: Pg = 15.97 MW
Total Renewable Generation: 25.86 MW
Total Regulation Reserve Shortage: 0.0 MW
Total Spinning Reserve Shortage: 0.0 MW
Total Primary Reserve Shortage: 0.0 MW

*************** Load Shedding ************
Total Shedded Load: 0.0 MW

**************** Interface ***********
In total, there are 0 interfaces that are violated

****************** Load ******************
index loadBusNumber loadID load_IsInSvc Pload Pd_served Pd_shedded
1 1 1 1 17.743017100977198 17.743017 0.0
2 3 1 1 12.160458061889253 12.160458 0.0
3 5 1 1 17.743017100977198 17.743017 0.0
4 6 1 1 12.160458061889253 12.160458 0.0
5 8 1 1 20.339556188925084 20.339556 0.0
6 8 2 1 21.226707043973946 21.226707 0.0
7 8 3 1 10.797275040716613 10.797275 0.0
8 8 4 1 15.936258652280133 15.936259 0.0
9 9 1 1 52.32026262214984 52.320263 0.0
10 10 1 1 32.142990126221505 32.14299 0.0

**************** Generator Cost ******************
Index genIdx segmentIdx segmentBreadth segmentPrice Pgi
1 1 1 0.5 9.39 0.5
2 1 2 3.5000000000000004 9.52 3.5000000000000004
3 1 3 101.0 9.64 93.16
4 2 1 5.0 0.0 0.0
5 3 1 10.0 1.0 10.0
6 3 2 4.0 1.01 4.0
7 5 1 20.3 18.58 20.3
8 5 2 10.0 21.36 10.0
9 5 3 134.6 22.09 16.918418
10 6 1 10.93 22.09 10.93
11 6 2 30.0 22.19 6.8515823000000005

****************** Branch  Pkc******************
indexCtgcy ctgcyValid brcIdx brc_IsInSvcOrig pkc rateC
2 1 1 1 11.659603 99999.0
2 1 2 1 7.0073802 99999.0
2 1 3 1 5.9604379 99999.0
2 1 4 1 0.67830328 99999.0
2 1 5 1 5.0208615 99999.0
2 1 6 1 -6.2000202 99999.0
2 1 7 1 17.891925 99999.0
2 1 8 1 -25.416893 99999.0
2 1 9 1 2.0032507 99999.0
2 1 10 1 12.177150000000001 99999.0
2 1 11 1 0.016691681 99999.0
2 1 12 1 0.0 99999.0
2 1 13 1 0.0 99999.0
2 1 14 1 68.299797 289.0
2 1 15 1 58.443310000000004 99999.0
2 1 16 1 32.126298 980.0000000000001
2 1 17 1 0.0 980.0000000000001
2 1 18 1 -0.016691681 19.5
2 1 19 1 0.0 980.0000000000001
2 1 20 1 -7.7815823 980.0000000000001

****************** Generator Pgc ******************
indexCtgcy ctgcyValid genIdx gen_IsInSvc pgc
2 1 1 1 152.16
2 1 2 0 0.0
2 1 3 1 24.0
2 1 4 0 0.0
2 1 5 1 -7.7815823
2 1 6 1 7.7815823
2 1 7 1 36.41
2 1 8 1 0.0
2 1 9 1 0.0

****************** Bus ******************
index busNumber busAngle
1 1 0.021918298
2 2 0.014180389
3 3 0.0
4 4 0.0085473267
5 5 0.0094513322
6 6 0.038636506
7 7 0.01567539
8 8 -0.1046347
9 9 -0.012323919
10 10 -0.025601124
11 11 0.0059565955
12 12 0.061482476
13 13 0.079333431
14 14 0.054807978

****************** Branch ******************
index lineflow rateA slackVar
1 0.13077418 0.15 0.0
2 0.055895649 999.99 0.0
3 0.071628982 999.99 0.0
4 0.031947951 999.99 0.0
5 0.027197247 999.99 0.0
6 -0.049975599 999.99 0.0
7 -0.021467714 999.99 0.0
8 -0.034085996 999.99 0.0
9 0.037526063 999.99 0.0
10 -0.11580499 999.99 0.0
11 0.16430322 999.99 0.0
12 -0.089308357 999.99 0.0
13 -0.31240443 999.99 0.0
14 0.68299797 2.89 0.0
15 0.25451603 999.99 0.0
16 0.15712668 7.38 0.0
17 -0.24828721 7.38 0.0
18 -0.16430322 0.188 0.0
19 -0.089308357 7.38 0.0
20 0.070471389 7.38 0.0

*************** Contingency Results ************
Contingency 2: Total Shedded Load = 0.0 MW
End of scenario results.
