****************** Summary for reduced_scenario_18 ******************
Scenario: reduced_scenario_18
Objective value is: 73641.28954760301

################## The following info is mainly for violations ##############

**************** Generator ******************
Index PgInSvc Pg_init Pgmax Pgmin Pg hasCostCurvData srReq_slack pgmax_slack pgmin_slack energyRampUp_Slack energyRampDown_Slack spinRampSlack
1 1 0.44 1.05 0.38 105.0 1 0.0 0.55 0.0 0.43 0.0 0.0
Conventional Generator 1: Pg = 105.0 MW
2 0 0.0 0.05 0.0 0.0 1 0.0 0.0 0.0 0.0 0.0 0.0
Conventional Generator 2: Pg = 0.0 MW
3 1 0.13 0.14 0.13 14.000000000000002 1 0.0 0.32195 0.0 0.0 0.0 0.22195
Conventional Generator 3: Pg = 14.000000000000002 MW
4 0 0.0 0.12 0.0 0.0 0 0.0 0.0 0.0 0.0 0.0 0.0
Conventional Generator 4: Pg = 0.0 MW
5 1 0.603 1.65 0.5 50.661603 1 0.0 0.0 0.61869106 0.0 0.0 0.025307096
Conventional Generator 5: Pg = 50.661603 MW
6 1 0.4493 0.45 0.05 36.533397 1 0.0 0.16197687 0.0 0.0 0.0 0.1466429
Conventional Generator 6: Pg = 36.533397 MW
7 1 0.3641 0.45 0.05 36.41 0 0.0 0.1141 0.0 0.0 0.0 0.0
Conventional Generator 7: Pg = 36.41 MW
8 1 0.1364 0.1364 0.1364 2628.0 0 0 0 0 0 0 0
Solar Generator 8: Pg = 26.28 MW
9 1 0.30325 0.30325 0.30325 5965.0 0 0 0 0 0 0 0
Wind Generator 9: Pg = 59.65 MW
Total Renewable Generation: 85.93 MW
Total Regulation Reserve Shortage: 0.0 MW
Total Spinning Reserve Shortage: 0.0 MW
Total Primary Reserve Shortage: 0.0 MW

*************** Load Shedding ************
Total Shedded Load: 0.0 MW

**************** Interface ***********
In total, there are 0 interfaces that are violated

****************** Load ******************
index loadBusNumber loadID load_IsInSvc Pload Pd_served Pd_shedded
1 1 1 1 20.25001017915309 20.25001 0.0
2 3 1 1 13.878665513029317 13.878666 0.0
3 5 1 1 20.25001017915309 20.25001 0.0
4 6 1 1 13.878665513029317 13.878666 0.0
5 8 1 1 23.213426302931598 23.213426000000002 0.0
6 8 2 1 24.225926811889252 24.225927 0.0
7 8 3 1 12.322872048045603 12.322872 0.0
8 8 4 1 18.187966459690553 18.187966 0.0
9 9 1 1 59.712834894136805 59.712835 0.0
10 10 1 1 36.684622098941375 36.684622 0.0

**************** Generator Cost ******************
Index genIdx segmentIdx segmentBreadth segmentPrice Pgi
1 1 1 0.5 9.39 0.5
2 1 2 3.5000000000000004 9.52 3.5000000000000004
3 1 3 101.0 9.64 101.0
4 2 1 5.0 0.0 0.0
5 3 1 10.0 1.0 10.0
6 3 2 4.0 1.01 4.0
7 5 1 20.3 18.58 20.3
8 5 2 10.0 21.36 10.0
9 5 3 134.6 22.09 20.361603
10 6 1 10.93 22.09 10.93
11 6 2 30.0 22.19 25.603397

****************** Branch  Pkc******************
indexCtgcy ctgcyValid brcIdx brc_IsInSvcOrig pkc rateC
2 1 1 1 9.9947787 99999.0
2 1 2 1 6.1652112 99999.0
2 1 3 1 6.127141 99999.0
2 1 4 1 -0.63948014 99999.0
2 1 5 1 4.5071178000000005 99999.0
2 1 6 1 -7.7515244999999995 99999.0
2 1 7 1 21.288311 99999.0
2 1 8 1 -29.170627 99999.0
2 1 9 1 -0.5086890799999999 99999.0
2 1 10 1 11.71063 99999.0
2 1 11 1 -2.1680356 99999.0
2 1 12 1 0.0 99999.0
2 1 13 1 0.0 99999.0
2 1 14 1 77.950192 289.0
2 1 15 1 52.879182 99999.0
2 1 16 1 38.852658 980.0000000000001
2 1 17 1 0.0 980.0000000000001
2 1 18 1 2.1680356 19.5
2 1 19 1 0.0 980.0000000000001
2 1 20 1 -11.869106 980.0000000000001

****************** Generator Pgc ******************
indexCtgcy ctgcyValid genIdx gen_IsInSvc pgc
2 1 1 1 160.0
2 1 2 0 0.0
2 1 3 1 46.195
2 1 4 0 0.0
2 1 5 1 -11.869106
2 1 6 1 11.869106
2 1 7 1 36.41
2 1 8 1 0.0
2 1 9 1 0.0

****************** Bus ******************
index busNumber busAngle
1 1 0.02186173
2 2 0.014952944
3 3 0.0
4 4 0.010818553
5 5 0.011861003
6 6 0.053352368
7 7 0.01992792
8 8 -0.11738134
9 9 -0.0050374865
10 10 -0.020149992
11 11 0.015959168
12 12 0.08130022
13 13 0.10313759
14 14 0.097849711

****************** Branch ******************
index lineflow rateA slackVar
1 0.11676163 0.15 0.0
2 0.044838266 999.99 0.0
3 0.075531364 999.99 0.0
4 0.023448228 999.99 0.0
5 0.01778204 999.99 0.0
6 -0.063255291 999.99 0.0
7 -0.024755412 999.99 0.0
8 -0.043560478 999.99 0.0
9 0.028508826 999.99 0.0
10 -0.16463521 999.99 0.0
11 0.188 999.99 0.0
12 -0.10925238 999.99 0.0
13 -0.38216948 999.99 0.0
14 0.77950192 2.89 0.0
15 0.22693761 999.99 0.0
16 0.17884622 7.38 0.0
17 -0.38052814 7.38 0.0
18 -0.188 0.188 0.0
19 -0.10925238 7.38 0.0
20 0.015194169 7.38 0.0

*************** Contingency Results ************
Contingency 2: Total Shedded Load = 0.0 MW
End of scenario results.
