****************** Branch ******************
 indexCtgcy ctgcyValid brcIdx brc_IsInSvcOrig pkc rateC 
  2  1  1  1  12.476198  99999.000000
  2  1  2  1  7.353509  99999.000000
  2  1  3  1  5.920832  99999.000000
  2  1  4  1  1.368399  99999.000000
  2  1  5  1  5.186968  99999.000000
  2  1  6  1  -5.442735  99999.000000
  2  1  7  1  15.688289  99999.000000
  2  1  8  1  -21.908785  99999.000000
  2  1  9  1  2.146160  99999.000000
  2  1  10  1  11.648472  99999.000000
  2  1  11  1  0.284905  99999.000000
  2  1  12  1  0.000000  99999.000000
  2  1  13  1  0.000000  99999.000000
  2  1  14  1  63.824019  289.000000
  2  1  15  1  52.497196  99999.000000
  2  1  16  1  29.751711  980.000000
  2  1  17  1  0.000000  980.000000
  2  1  18  1  -0.284905  19.500000
  2  1  19  1  0.000000  980.000000
  2  1  20  1  -6.903713  980.000000
