****************** Branch ******************
 index lineflow rateA slackVar
  1  13.894014  15.000000  0.000000
  2  5.935693  99999.000000  0.000000
  3  7.123292  99999.000000  0.000000
  4  3.884891  99999.000000  0.000000
  5  2.885831  99999.000000  0.000000
  6  -4.240275  99999.000000  0.000000
  7  -4.350408  99999.000000  0.000000
  8  0.099508  99999.000000  0.000000
  9  3.895516  99999.000000  0.000000
  10  -12.109177  99999.000000  0.000000
  11  16.698535  99999.000000  0.000000
  12  -8.930836  99999.000000  0.000000
  13  -31.240443  99999.000000  0.000000
  14  63.824019  289.000000  0.000000
  15  19.505489  99999.000000  0.000000
  16  13.338081  738.000000  0.000000
  17  -24.828721  738.000000  0.000000
  18  -16.698535  18.800000  0.000000
  19  -8.930836  738.000000  0.000000
  20  7.925008  738.000000  0.000000
