****************** Load ******************
 index loadBusNumber loadID load_IsInSvc Pload Pd_served Pd_shedded
  1  1  1  1  16.580293  16.580293  0.000000
  2  3  1  1  11.363567  11.363567  0.000000
  3  5  1  1  16.580293  16.580293  0.000000
  4  6  1  1  11.363567  11.363567  0.000000
  5  8  1  1  19.006678  19.006678  0.000000
  6  8  2  1  19.835692  19.835692  0.000000
  7  8  3  1  10.089715  10.089715  0.000000
  8  8  4  1  14.891934  14.891934  0.000000
  9  9  1  1  48.891645  48.891645  0.000000
  10  10  1  1  30.036616  30.036616  0.000000
